21 0.12265986689814815 0.19088541666666667 0.13827763310185187 0.3235243055555555
20 0.20534058740234376 0.081673048828125 0.1972280439453125 0.19683799739583333 0.2080428564453125 0.26233414908854163 0.16889179296875 0.35150463346354166 0.2763614638671875 0.39712039583333336 0.2806592373046875 0.32658625846354167 0.3061941884765625 0.2021597174479167 0.27725827392578123 0.10823068619791666 0.20534058740234376 0.081673048828125
19 0.3067449619140625 0.19434098893229168 0.29374737158203124 0.31219746744791665 0.27582468701171875 0.3952171067708334 0.37408058251953125 0.4287880188802083 0.37100564208984377 0.3581667942708333 0.412029408203125 0.17574828450520832 0.2915095034179688 0.13208627018229166 0.3067449619140625 0.19434098893229168
41 0.47279283447265624 0.43683387890625003 0.506382705078125 0.25519681315104165 0.5292634038085937 0.22558978059895832 0.41756587060546874 0.16381289127604168 0.3751069287109375 0.423741435546875 0.485810740234375 0.4710551145833333 0.47279283447265624 0.43683387890625003
22 0.5925688427734375 0.46963227148437503 0.6001572368164062 0.36190810481770835 0.6263947099609375 0.33226166536458335 0.6559837387695312 0.264556603515625 0.6581728125 0.24300403190104167 0.5169046840820313 0.19153412044270834 0.5135630053710938 0.30563202734375 0.484017087890625 0.46795122656250004 0.6079031591796875 0.5185830279947917 0.5925688427734375 0.46963227148437503
43 0.6634548611111111 0.4264105902777778 0.10995732060185182 0.2332899305555555
9 0.0977683738425926 0.5180989583333333 0.09494719328703705 0.21571180555555566
9 0.16754557291666666 0.5441189236111111 0.08487774884259258 0.201171875
3 0.22355685763888888 0.5646918402777777 0.06791811342592591 0.20551215277777782
2 0.2720992476851852 0.5781032986111111 0.0756618923611111 0.22504340277777768
1 0.31790907118055556 0.6110894097222223 0.06306061921296302 0.18428819444444441
4 0.3677191840277778 0.6047960069444445 0.07333622685185182 0.23003472222222232
25 0.42799479166666665 0.6637586805555555 0.09468315972222219 0.18190104166666674
27 0.0936107494212963 0.7366970486111111 0.08437499999999998 0.20047743055555559
27 0.15419921874999998 0.7768446180555556 0.07438874421296293 0.16775173611111102
26 0.2057906539351852 0.8178168402777777 0.04524016203703707 0.10603298611111119
18 0.2691822193287037 0.8305989583333334 0.06016710069444442 0.14179687500000013
17 0.2897763330078125 0.9113604440104166 0.41965585498046876 0.9626161204427084 0.43280926806640624 0.861597822265625 0.3728013525390625 0.8659457526041666 0.32410869970703127 0.8120318509114584 0.2897763330078125 0.9113604440104166
10 0.5566170444335937 1 0.5520957080078125 0.9013460885416666 0.4888534033203125 0.9039960390625 0.43874892724609377 0.8629817630208333 0.416835857421875 0.96455881640625 0.5123104287109375 1 0.5566170444335937 1
14 0.1534794560185185 0.9418185763888888 0.04959490740740741 0.038845486111111306
13 0.3037380642361111 0.9821397569444444 0.051446759259259234 0.03446180555555559
24 0.6146461069335938 0.7052088606770833 0.4775567055664062 0.6606959082031251 0.4564641796875 0.7620504375 0.6136016538085938 0.8190705924479166 0.6146461069335938 0.7052088606770833