21 0.0480872880859375 0.19618573697916666 0.06173325390625 0.4680172376302083 0.14915384912109375 0.482132236328125 0.149566037109375 0.210971916015625 0.0480872880859375 0.19618573697916666
20 0.15342053662109376 0.21706280989583335 0.14349066455078124 0.4852910052083333 0.23178502587890626 0.5139762083333334 0.22497885986328126 0.24038810677083333 0.15342053662109376 0.21706280989583335
19 0.3246179975585938 0.27031121679687503 0.226453279296875 0.26133818229166667 0.2357188876953125 0.5130688795572916 0.3245611157226562 0.5476228359375 0.3246179975585938 0.27031121679687503
41 0.32722825634765623 0.25990407682291666 0.32890344775390623 0.537766900390625 0.41917209716796877 0.5681031640624999 0.4475317392578125 0.2856314401041667 0.32722825634765623 0.25990407682291666
22 0.4494806459960938 0.26697517903645834 0.43474976025390627 0.5584901399739584 0.551306392578125 0.6030031165364583 0.5909541625976562 0.29910397851562504 0.4494806459960938 0.26697517903645834
43 0.57204395703125 0.3798141360677083 0.564257328125 0.5947114563802084 0.6481582348632813 0.620503333984375 0.6704596459960938 0.399400576171875 0.57204395703125 0.3798141360677083
9 0.10846891455078125 0.7191875221354166 0.15497027392578125 0.7218837526041666 0.1331227880859375 0.567729158203125 0.07622404736328126 0.5657404973958333 0.10846891455078125 0.7191875221354166
9 0.131463564453125 0.593217271484375 0.16197409033203125 0.7393169316406251 0.2078981015625 0.7454758333333333 0.1879572890625 0.584577810546875 0.131463564453125 0.593217271484375
3 0.18638677392578126 0.5899171022135417 0.20865716162109374 0.7586171542968749 0.24588492333984374 0.7634039856770833 0.2252146337890625 0.5826485885416667 0.18638677392578126 0.5899171022135417
2 0.23027221923828126 0.5931707174479167 0.2451999228515625 0.77684566015625 0.28690793896484373 0.7905231308593751 0.2701633447265625 0.5946011165364583 0.23027221923828126 0.5931707174479167
1 0.2771126044921875 0.639496990234375 0.28633770849609375 0.798629322265625 0.3206438076171875 0.7998199453125 0.3083094140625 0.6404928326822917 0.2771126044921875 0.639496990234375
4 0.31188922998046875 0.6071140286458333 0.3234711875 0.8123712291666667 0.3686445068359375 0.824600365234375 0.35250268017578124 0.6102010384114583 0.31188922998046875 0.6071140286458333
25 0.3701992734375 0.6839063541666667 0.3818459775390625 0.8216144563802082 0.4423287583007813 0.8386625325520832 0.45011083837890625 0.7095507877604167 0.3701992734375 0.6839063541666667
24 0.4678929658203125 0.7538446158854167 0.4412223432617188 0.863965083984375 0.6041891586914062 0.9240479088541668 0.6112983896484375 0.7977437799479167 0.4678929658203125 0.7538446158854167
27 0.11282160498046875 0.7614151302083334 0.137505296875 0.9001494173177084 0.1777220498046875 0.9169262871093751 0.151483255859375 0.7771055234375001 0.11282160498046875 0.7614151302083334
27 0.16548908349609376 0.8110151354166667 0.1822962333984375 0.9202191744791667 0.219175666015625 0.937043869140625 0.20439069970703125 0.8328780266927084 0.16548908349609376 0.8110151354166667
26 0.22748415478515624 0.8508729166666668 0.23329799072265625 0.9429992526041667 0.26282542578125 0.9518132552083333 0.251075349609375 0.8617303580729166 0.22748415478515624 0.8508729166666668
18 0.2716102197265625 0.8858682845052083 0.2782021376953125 0.9686409388020834 0.31317189697265624 0.984933201171875 0.3041403032226562 0.9044708287760416 0.2716102197265625 0.8858682845052083
17 0.44391331494140623 1 0.449339794921875 0.9530537259114583 0.3514686943359375 0.8964799654947916 0.32639221728515627 0.9822264954427083 0.358213421875 1 0.44391331494140623 1
10 0.5816775087890625 1 0.5817461884765625 0.9984358333333333 0.46959829345703125 0.9568965214843751 0.4585252583007812 1 0.5816775087890625 1