5 0.15576171875 0.20182291666666666 0.0751953125 0.3600260416666667
8 0.2255859375 0.22786458333333334 0.06103515625 0.3196614583333333
8 0.2900390625 0.22981770833333334 0.05517578125 0.32421875
7 0.345703125 0.251953125 0.03955078125 0.2688802083333333
7 0.39306640625 0.248046875 0.04248046875 0.2630208333333333
6 0.4599609375 0.24934895833333334 0.08056640625 0.2682291666666667
6 0.58544921875 0.2897135416666667 0.14892578125 0.181640625
0 0.154296875 0.5950520833333334 0.03515625 0.1171875
42 0.19384765625 0.5618489583333334 0.0390625 0.15234375
32 0.259765625 0.5377604166666666 0.09375 0.18359375
31 0.35107421875 0.521484375 0.08251953125 0.193359375
31 0.43359375 0.5149739583333334 0.064453125 0.18424479166666666
28 0.49365234375 0.552734375 0.048828125 0.107421875
29 0.544921875 0.546875 0.03955078125 0.107421875
30 0.5966796875 0.5455729166666666 0.04345703125 0.10677083333333333
23 0.20068359375 0.7923177083333334 0.115234375 0.166015625
35 0.3154296875 0.7838541666666666 0.1044921875 0.13541666666666666
36 0.42138671875 0.763671875 0.091796875 0.123046875
34 0.5498046875 0.73828125 0.1474609375 0.10546875
40 0.3193359375 0.9635416666666666 0.091796875 0.07291666666666667
37 0.412109375 0.9375 0.08984375 0.125
38 0.52392578125 0.9303385416666666 0.1171875 0.12434895833333333