21 0 0.2873015143229167 0.01651318798828125 0.4709585768229167 0.12153541796875 0.46815397395833336 0.1140031201171875 0.18941421158854166 0 0.19373381575520832 0 0.2873015143229167
20 0.1266226083984375 0.19848263216145834 0.127291859375 0.4672256100260417 0.23224298046875 0.46816241015625 0.2353907646484375 0.206002126953125 0.1266226083984375 0.19848263216145834
19 0.2795138888888889 0.3435908564814814 0.11456163194444446 0.2894965277777777
41 0.3815809461805556 0.33500434027777776 0.1299479166666666 0.305516975308642
22 0.550140478515625 0.18557205403645835 0.4401996201171875 0.18424861393229167 0.4503939526367188 0.462611578125 0.5592825522460938 0.4713201712239583 0.550140478515625 0.18557205403645835
43 0.5725924775390625 0.46943621419270837 0.6438961469726563 0.4714039798177083 0.6474563305664063 0.27551836458333334 0.5686926875 0.27098841796875 0.5725924775390625 0.46943621419270837
9 0.0404120390625 0.5736154830729167 0.0726039091796875 0.7492596881510417 0.1338562822265625 0.74974018359375 0.1150243154296875 0.5727029720052084 0.0404120390625 0.5736154830729167
9 0.202048123046875 0.7654153561197917 0.1796347490234375 0.5707938821614583 0.1151447255859375 0.5738917408854166 0.13926577880859375 0.7587168580729166 0.202048123046875 0.7654153561197917
3 0.2493960791015625 0.7619130553385417 0.2276804443359375 0.5652932473958333 0.18057569091796874 0.5623121985677083 0.20488408251953125 0.7578712552083333 0.2493960791015625 0.7619130553385417
2 0.3022793466796875 0.7619631712239583 0.28293585302734375 0.5598840651041667 0.2298607373046875 0.560160384765625 0.2495676552734375 0.76360696875 0.3022793466796875 0.7619631712239583
1 0.3322847236328125 0.5939049375 0.29036778564453125 0.5888251067708333 0.30074799853515627 0.7623930319010417 0.340918908203125 0.7591193216145834 0.3322847236328125 0.5939049375
4 0.38546084716796875 0.5501963893229167 0.3320809296875 0.5452430130208333 0.3405131889648437 0.7640006673177083 0.38725664453125 0.7634147506510417 0.38546084716796875 0.5501963893229167
25 0.4754498916015625 0.6122345989583333 0.38196029296875 0.6044954921875 0.39447576416015623 0.7635990657552084 0.47033651904296875 0.7661279433593751 0.4754498916015625 0.6122345989583333
24 0.6250811484375 0.77437623046875 0.6120706840820312 0.6548152063802083 0.4749432314453125 0.6605488300781249 0.46626092919921874 0.7703229283854167 0.6250811484375 0.77437623046875
27 0.1397303740234375 0.7899618020833333 0.07878981103515625 0.792557251953125 0.101157197265625 0.9689534192708332 0.1579782724609375 0.9790015247395832 0.1397303740234375 0.7899618020833333
27 0.20500681591796874 0.8301705585937501 0.146290689453125 0.8191845423177083 0.16536194482421876 0.9719260026041666 0.216782896484375 0.9730899680989583 0.20500681591796874 0.8301705585937501
26 0.25330367333984377 0.8715765494791667 0.21703025830078124 0.8644560182291667 0.2250542744140625 0.9658891295572917 0.26465466650390623 0.97475663671875 0.25330367333984377 0.8715765494791667
18 0.3339428740234375 0.9745977220052083 0.33031270263671875 0.8476788984375 0.27695234521484374 0.8540259915364583 0.2808674794921875 0.9748737480468751 0.3339428740234375 0.9745977220052083
17 0.46578714990234377 0.8811600572916666 0.3441161796875 0.8751028125000001 0.3342278701171875 0.968526984375 0.47065565966796874 0.9914283951822916 0.46578714990234377 0.8811600572916666
10 0.5921814291992188 0.8849785110677083 0.46868275390625 0.8830916783854167 0.46727099755859375 0.9846709342447917 0.61112709375 0.9920481484375 0.5921814291992188 0.8849785110677083