21 0.13263346354166666 0.34834346064814814 0.12144097222222222 0.26215277777777785
20 0.24009331597222222 0.37162181712962966 0.09662543402777779 0.2658854166666667
19 0.3307074652777778 0.3939019097222222 0.0922634548611111 0.2383101851851852
41 0.4244303385416667 0.39782986111111107 0.09394531250000004 0.25141782407407415
22 0.5362575954861111 0.4051070601851852 0.0971354166666667 0.2672164351851851
43 0.6266004774305556 0.4550130208333334 0.0639973958333333 0.18135127314814822
9 0.15187174479166668 0.6392361111111112 0.05796440972222222 0.14131944444444441
9 0.21246744791666666 0.645753761574074 0.05798611111111113 0.14262152777777773
3 0.2659993489583333 0.6528284143518518 0.046082899305555536 0.1601273148148148
2 0.3104383680555556 0.655787037037037 0.04615885416666665 0.16468460648148145
1 0.3505750868055556 0.6786530671296296 0.036968315972222276 0.1400752314814815
4 0.39006618923611114 0.6627821180555555 0.04493272569444451 0.1789207175925925
25 0.4523166232638889 0.6954137731481481 0.07528211805555551 0.12673611111111102
24 0.5597601996527778 0.7323495370370369 0.12036675347222214 0.10989583333333346
27 0.1806911892361111 0.8172019675925926 0.043674045138888895 0.1326678240740741
27 0.23063151041666669 0.8429253472222222 0.054871961805555536 0.10211226851851851
26 0.281396484375 0.8595920138888888 0.030067274305555558 0.07722800925925928
18 0.3343098958333333 0.8734592013888888 0.041373697916666674 0.082450810185185
17 0.4281412760416667 0.8838975694444445 0.09529079861111112 0.09800347222222221
10 0.5389214409722223 0.9015190972222222 0.10954861111111125 0.1047019675925925
12 0.21051432291666666 0.9792570891203703 0.04274088541666665 0.041485821759259224
14 0.25244140625 0.9761791087962962 0.03802083333333339 0.0476417824074075
15 0.29699978298611107 0.9843677662037038 0.03537326388888884 0.03126446759259238
11 0.3389702690972222 0.983521412037037 0.044737413194444464 0.03295717592592595
13 0.3810926649305556 0.9776692708333333 0.04108072916666661 0.04466145833333327
16 0.42109375000000004 0.9909577546296297 0.03629557291666674 0.018084490740740772