21 0.156923115234375 0.42952546289062504 0.16353521826171874 0.11855654752604167 0.02976190478515625 0.11794543619791666 0.037904513671875 0.418498015625 0.156923115234375 0.42952546289062504
20 0.2867859624023438 0.4331511243489583 0.29367509912109374 0.14719907421875 0.17273288671875 0.12609292317708334 0.16384747021484375 0.4228048938802083 0.2867859624023438 0.4331511243489583
19 0.3891272319335938 0.445746693359375 0.40545684521484376 0.16387962955729166 0.2817564482421875 0.15840277799479166 0.28757663671875 0.43417228841145833 0.3891272319335938 0.445746693359375
41 0.5011592260742187 0.4484699075520833 0.5269295634765625 0.17136871679687501 0.3935401787109375 0.15227777799479167 0.3891475693359375 0.444044642578125 0.5011592260742187 0.4484699075520833
22 0.6281230161132813 0.4576613756510417 0.660782490234375 0.1747731484375 0.5164258432617187 0.15789252669270834 0.504374255859375 0.4477893515625 0.6281230161132813 0.4576613756510417
43 0.7097993549804688 0.463789021484375 0.7302115576171875 0.25987764518229167 0.6442881943359375 0.24313392838541667 0.6324883432617188 0.4566402115885417 0.7097993549804688 0.463789021484375
24 0.662063740234375 0.7676369049479167 0.6508370537109375 0.6539368385416667 0.5164258432617187 0.6596435182291667 0.5105032241210937 0.7686580690104167 0.662063740234375 0.7676369049479167
25 0.501828125 0.7506160716145834 0.5212197421875 0.5967463626302083 0.42808928564453125 0.5940231484374999 0.42799429541015627 0.7423330026041667 0.501828125 0.7506160716145834
4 0.4118717758789063 0.7536934524739584 0.427436259765625 0.530378306640625 0.3751649306640625 0.5228488756510417 0.37002703369140627 0.7451828704427084 0.4118717758789063 0.7536934524739584
1 0.32026364111328126 0.7475658066406251 0.3633844248046875 0.7479064153645832 0.3689977680664063 0.5657820768229167 0.3246324404296875 0.566745701171875 0.32026364111328126 0.7475658066406251
2 0.2613043154296875 0.741440806640625 0.31998933544921876 0.750972552734375 0.32100992041015625 0.5286785716145833 0.2672093251953125 0.5248905423177083 0.2613043154296875 0.741440806640625
9 0.139048115234375 0.7322513229166666 0.2097251982421875 0.7339533730468749 0.20615302587890624 0.5439996692708333 0.13628447412109376 0.5427556217447916 0.139048115234375 0.7322513229166666
27 0.1369930556640625 0.9731865078125 0.12678695458984374 0.7961683203125 0.06988789697265625 0.7920833333333334 0.08268948388671875 0.9679424602864583 0.1369930556640625 0.9731865078125
27 0.14914012890625 0.9708035716145833 0.20476339306640626 0.974207671875 0.1999154267578125 0.8397420638020834 0.14164384912109376 0.8331891536458333 0.14914012890625 0.9708035716145833
26 0.259110615234375 0.9793138229166667 0.25375247998046874 0.871060515625 0.22203645849609374 0.8633045638020834 0.21752083349609375 0.9650162037760417 0.259110615234375 0.9793138229166667
18 0.32774652783203123 0.98032506640625 0.3290223212890625 0.8785396822916667 0.285201884765625 0.8755548938802084 0.2833501982421875 0.981346560546875 0.32774652783203123 0.98032506640625
17 0.476140625 0.9908783066406249 0.4725687001953125 0.8850079361979167 0.36023487109375 0.8694295638020834 0.34754414697265623 0.9799847884114583 0.476140625 0.9908783066406249
10 0.6223427578125 0.9936015214843751 0.6037167661132813 0.8761567460937499 0.4865657241210937 0.8786173938802083 0.4866019345703125 0.9884953704427083 0.6223427578125 0.9936015214843751
9 0.13419246044921876 0.7298683860677083 0.1188834326171875 0.5457017194010417 0.0585716767578125 0.5361200397135416 0.06453596240234374 0.731911044921875 0.13419246044921876 0.7298683860677083
3 0.2152403271484375 0.738376984375 0.2624434521484375 0.744504298828125 0.26703621044921877 0.535827380859375 0.21399702392578124 0.5310155423177083 0.2152403271484375 0.738376984375