5 0.05741195458984375 0.41011177278645833 0.108548115234375 0.4107318118489583 0.08019097216796875 0.11869940494791666 0.05462276806640625 0.11869808203125 0.03742237109375 0.19124239388020833 0.05741195458984375 0.41011177278645833
8 0.10529414697265625 0.172641865234375 0.08762896826171875 0.20116302929687502 0.10715352197265625 0.41135185156250004 0.1508519345703125 0.415691798828125 0.13922991064453125 0.193722552734375 0.129467509765625 0.14970072721354166 0.10169122021484375 0.14968981510416665 0.10529414697265625 0.172641865234375
8 0.1527113095703125 0.172641865234375 0.13644072412109376 0.19434259244791666 0.151781498046875 0.415691798828125 0.200593501953125 0.41755191796874996 0.1903663193359375 0.19992294986979167 0.178279513671875 0.17388194466145834 0.17781448388671875 0.14722056901041666 0.14875992041015626 0.14659060872395832 0.1527113095703125 0.172641865234375
7 0.20384747021484376 0.19682275130208335 0.1912958828125 0.211703373046875 0.200593501953125 0.4144517194010417 0.2447564482421875 0.41631183854166665 0.23592385888671874 0.21108333333333332 0.22662648828125 0.20178306901041665 0.22848586328125 0.17636177278645834 0.20105828369140624 0.17603240755208335 0.20384747021484376 0.19682275130208335
7 0.2494052578125 0.19496263216145834 0.23359945458984374 0.20550297591145836 0.24615128955078125 0.42313227539062503 0.2949630454101563 0.42561243359374995 0.28706002001953124 0.21232341276041666 0.2726490576171875 0.19868287044270835 0.2726490576171875 0.16830158723958333 0.2463836806640625 0.16828472200520836 0.2494052578125 0.19496263216145834
6 0.296357638671875 0.4243723548177083 0.414435763671875 0.4243723548177083 0.4097872021484375 0.2675056217447917 0.429311755859375 0.2092232141927083 0.4562745537109375 0.2073630950520833 0.43535515869140623 0.13482010611979167 0.30240104150390623 0.13854034375 0.28659523828125 0.21418353190104167 0.296357638671875 0.4243723548177083
6 0.6142157739257813 0.19310251302083334 0.4296604663085937 0.20860317447916665 0.41385466259765624 0.254485119140625 0.40827628955078127 0.42933234114583335 0.6244429565429688 0.44607308203125 0.6287430556640625 0.191528439453125 0.6142157739257813 0.19310251302083334
0 0.0947265625 0.5865885416666666 0.033203125 0.09375
42 0.12939453125 0.5696614583333334 0.03369140625 0.134765625
32 0.18603515625 0.5625 0.080078125 0.18359375
31 0.26806640625 0.55859375 0.08251953125 0.21028645833333334
31 0.30774702392578124 0.6661339283854167 0.37887276806640624 0.6884550266927083 0.3807323911132813 0.5712701718750001 0.4039761904296875 0.46772586002604166 0.3132093251953125 0.4565069446614583 0.30774702392578124 0.6661339283854167
28 0.412109375 0.6282552083333334 0.06298828125 0.138671875
29 0.47705078125 0.63671875 0.0634765625 0.14778645833333334
30 0.54541015625 0.650390625 0.06640625 0.15494791666666666
23 0.186531001953125 0.697039021484375 0.105871466796875 0.6828678977864584 0.0991344248046875 0.8446051588541666 0.17955778759765625 0.8762265214843751 0.17397941455078125 0.746640873046875 0.186531001953125 0.697039021484375
35 0.1837418154296875 0.8762265214843751 0.2832249501953125 0.8997873678385417 0.2734625498046875 0.7633816139322916 0.173514384765625 0.740440806640625 0.1837418154296875 0.8762265214843751
36 0.27764632958984375 0.9022675266927083 0.3957247021484375 0.940088955078125 0.3975840771484375 0.7869427910156249 0.27892485107421877 0.7602251985677083 0.27764632958984375 0.9022675266927083
34 0.6189282260742187 1 0.6360647319335937 0.8588657408854167 0.3986299604492187 0.7850185182291667 0.39200570458984374 0.9407089947916667 0.5794873852539062 1 0.6189282260742187 1
39 0.19783792138671874 1 0.195828373046875 0.9720945768229167 0.1051778271484375 0.9213816139322916 0.1127111162109375 1 0.19783792138671874 1