5 0.05942925347222222 0.34433352623456787 0.11885850694444444 0.3487316743827161
8 0.12320963541666667 0.35599681712962966 0.12351345486111112 0.3001832561728395
8 0.1816677517361111 0.3420934606481481 0.11591796874999999 0.30615354938271605
7 0.23790690104166667 0.3433714313271605 0.10149739583333328 0.26813271604938266
7 0.2879774305555556 0.33149836033950614 0.10183376736111116 0.26360918209876544
6 0.37916666666666665 0.29734519675925924 0.1846245659722222 0.32129629629629625
6 0.5482801649305555 0.29663869598765435 0.2124131944444445 0.2634596836419753
0 0.12250434027777778 0.6854817708333334 0.0518771701388889 0.10946180555555547
42 0.15645073784722222 0.6581380208333333 0.0673828125 0.150805362654321
32 0.22169053819444445 0.6316526813271605 0.12290581597222217 0.19426601080246927
31 0.3082411024305556 0.5971788194444444 0.1309570312499999 0.23119695216049388
31 0.4007378472222222 0.5751880787037037 0.12626953124999996 0.23671874999999995
28 0.47492404513888886 0.6106602044753087 0.07394748263888884 0.12852527006172845
29 0.5351019965277778 0.5965494791666667 0.07942708333333326 0.13215181327160508
30 0.6021267361111111 0.5825858410493827 0.08057725694444451 0.13742766203703707
23 0.20120442708333333 0.86449893904321 0.13508029513888892 0.20874807098765422
35 0.3071560329861111 0.8646460262345679 0.12652994791666672 0.15684317129629624
36 0.4253960503472222 0.8411723572530864 0.13451605902777775 0.16259162808641983
34 0.5862738715277778 0.8085744598765432 0.22428385416666674 0.21036844135802468
40 0.3476888020833333 0.9917775848765432 0.10774739583333326 0.016444830246913494
37 0.4460720486111111 0.9732590663580248 0.11408420138888886 0.0534818672839504
38 0.5827582465277779 0.9643675250771605 0.15785590277777795 0.07126494984567906