21 0.1123046875 0.4166666666666667 0.15673828125 0.3196614583333333
20 0.2568359375 0.4173177083333333 0.11865234375 0.294921875
19 0.37548828125 0.4283854166666667 0.095703125 0.2571614583333333
41 0.478515625 0.4127604166666667 0.083984375 0.2552083333333333
22 0.5869140625 0.4029947916666667 0.099609375 0.24674479166666666
43 0.67236328125 0.4368489583333333 0.056640625 0.17838541666666666
9 0.1337890625 0.771484375 0.0869140625 0.17447916666666666
9 0.21826171875 0.7623697916666666 0.07275390625 0.166015625
3 0.28515625 0.7415364583333334 0.0537109375 0.18489583333333334
2 0.33837890625 0.732421875 0.0478515625 0.18880208333333334
1 0.38623046875 0.7415364583333334 0.0361328125 0.15885416666666666
4 0.43212890625 0.7161458333333334 0.04150390625 0.19661458333333334
25 0.49560546875 0.732421875 0.07080078125 0.12825520833333334
24 0.655500744140625 0.7715542330729166 0.6334330356445312 0.67557109765625 0.5386837797851562 0.7012516536458334 0.5317713295898437 0.8005175266927084 0.655500744140625 0.7715542330729166
27 0.15478515625 0.9596354166666666 0.0693359375 0.08072916666666667
27 0.225341796875 0.9658203125 0.06396484375 0.068359375
26 0.286376953125 0.9674479166666666 0.04345703125 0.06510416666666667
18 0.349853515625 0.951171875 0.04638671875 0.09765625
17 0.499138888671875 0.9793637565104167 0.489828125 0.8879576718750001 0.391170634765625 0.9078779759114584 0.3878363095703125 0.9968578040364583 0.499138888671875 0.9793637565104167
10 0.611436259765625 0.9493277115885417 0.5896946923828125 0.8558945104166668 0.4994466767578125 0.884100529296875 0.5087616567382812 0.9751332669270832 0.611436259765625 0.9493277115885417