21 0.11868308738425926 0.38565055941358023 0.1171875 0.26587094907407405
20 0.2639094853515625 0.3277907630208333 0.24694987841796875 0.27574784375 0.2770491611328125 0.26153848111979167 0.17085353564453126 0.25587932877604164 0.1716080849609375 0.49892305664062503 0.26212323486328126 0.5110194160156251 0.2639094853515625 0.3277907630208333
19 0.35596169384765625 0.51632529296875 0.3414220346679688 0.4407615501302083 0.35752202783203124 0.27613760416666666 0.25365758984375 0.27738305078125 0.27156701171875 0.3577435247395833 0.26378944287109374 0.508740966796875 0.35596169384765625 0.51632529296875
41 0.44893641162109377 0.5149521575520833 0.449016587890625 0.32395063151041664 0.4689409404296875 0.278738513671875 0.34364627392578123 0.2624150859375 0.356192478515625 0.3632957962239583 0.35592625634765623 0.5073906009114583 0.44893641162109377 0.5149521575520833
22 0.561183875 0.5152970514322917 0.5489130576171874 0.37824013671875 0.5869939233398438 0.26440755859375004 0.4535328671875 0.24830911132812503 0.4650012158203125 0.34139384244791665 0.45642142724609375 0.50134841015625 0.561183875 0.5152970514322917
43 0.5711358388671876 0.331672798828125 0.5611572963867187 0.5085959492187501 0.6331969970703125 0.5089008684895834 0.6409925317382813 0.36237059960937495 0.6517922431640625 0.3397424427083333 0.5711358388671876 0.331672798828125
9 0.15777276904296875 0.6267176497395833 0.1004717431640625 0.6238341334635417 0.1206442587890625 0.7346602239583334 0.1645347900390625 0.7266943860677083 0.15777276904296875 0.6267176497395833
9 0.2144434072265625 0.6311415494791667 0.163354013671875 0.6295725247395834 0.179190775390625 0.730546001953125 0.21548378515625 0.732969287109375 0.2144434072265625 0.6311415494791667
3 0.223777869140625 0.6173507044270833 0.2320355986328125 0.7333749134114583 0.2683355888671875 0.737495455078125 0.256367171875 0.6087989459635417 0.223777869140625 0.6173507044270833
2 0.261945681640625 0.611026900390625 0.2702448818359375 0.7374443242187501 0.3116399345703125 0.742277306640625 0.30539989306640625 0.6134273899739583 0.261945681640625 0.611026900390625
1 0.3436899663085938 0.6378659557291667 0.3097702890625 0.632013986328125 0.314192638671875 0.7439063893229166 0.34666344921875 0.7455834765625 0.3436899663085938 0.6378659557291667
4 0.35185971337890626 0.61133462890625 0.350482283203125 0.7454812070312501 0.3899576953125 0.7478189348958333 0.390038701171875 0.6077658541666667 0.35185971337890626 0.61133462890625
25 0.4722395024414062 0.6293307057291667 0.3948789189453125 0.6244327649739584 0.40010767431640626 0.7390592324218751 0.4631397529296875 0.7424642135416667 0.4722395024414062 0.6293307057291667
24 0.593952498046875 0.6625694016927083 0.47142109814453126 0.663737365234375 0.4644801870117187 0.7594040852864583 0.5994315581054688 0.7600341627604167 0.593952498046875 0.6625694016927083
27 0.16729233935546875 0.7799698333333334 0.12335412841796875 0.7759146230468751 0.143594078125 0.9036799524739583 0.1843524521484375 0.9085299856770833 0.16729233935546875 0.7799698333333334
27 0.22598335546875 0.8123499407552083 0.1807637919921875 0.8061881419270834 0.19133710595703124 0.9040988274739584 0.234644818359375 0.9097294772135417 0.22598335546875 0.8123499407552083
26 0.2752283969726563 0.87044699609375 0.265526341796875 0.8316622884114584 0.2437259658203125 0.8320718333333333 0.2427979814453125 0.8789544856770833 0.25245627685546873 0.9067061497395833 0.27346696923828123 0.9078409231770833 0.2752283969726563 0.87044699609375
18 0.328598814453125 0.8452515162760417 0.29230399560546877 0.8424347565104168 0.29958980322265627 0.913931787109375 0.33270041064453126 0.916440296875 0.328598814453125 0.8452515162760417
17 0.35749329345703124 0.8279645872395833 0.34477676171875 0.91187311328125 0.45496231494140627 0.9275955305989583 0.4539791630859375 0.84019602734375 0.4069466240234375 0.8584316673177083 0.35749329345703124 0.8279645872395833
10 0.46651200146484373 0.8303470338541666 0.45559562890625 0.9267300130208334 0.5746717631835937 0.9371216751302084 0.566000201171875 0.8371960774739583 0.5119664248046875 0.855619212890625 0.46651200146484373 0.8303470338541666
14 0.24815998974609374 1 0.2470645234375 0.99173004296875 0.23760473486328124 1 0.24815998974609374 1
13 0.3796914057617187 1 0.3800693251953125 0.9830754798177083 0.3635781040039063 0.9979465540364583 0.34141634814453126 0.9874506087239583 0.341630109375 1 0.3796914057617187 1