5 0.080078125 0.32449363425925926 0.12556061921296297 0.3377363040123457
8 0.1440972222222222 0.3258150077160494 0.10821759259259256 0.2933063271604938
8 0.20152452256944442 0.30961853780864196 0.10917607060185186 0.2926649305555556
7 0.2631022135416667 0.3109640239197531 0.10308159722222221 0.26657021604938275
7 0.3147515190972222 0.29775511188271603 0.09326171875 0.2645206404320987
6 0.320763015625 0.15414074544270834 0.369258865234375 0.41349005533854166 0.48658451171875 0.3650871666666667 0.46761801611328124 0.2103472200520833 0.43580842822265625 0.12257703710937501 0.320763015625 0.15414074544270834
6 0.5700864438657407 0.25876494984567905 0.19250940393518512 0.2349103009259259
0 0.15968605324074076 0.6584346064814816 0.05081741898148151 0.10724344135802462
42 0.19346788194444445 0.6261911651234567 0.06656901041666669 0.1471016589506172
32 0.25519929108796297 0.5979046103395061 0.12261284722222221 0.19646990740740744
31 0.3441569010416667 0.556324749228395 0.13022641782407407 0.22453221450617278
31 0.43029333043981477 0.5362630208333333 0.11662688078703698 0.2270013503086421
28 0.5069986979166667 0.5722993827160493 0.08022280092592604 0.1290123456790123
29 0.56591796875 0.5570650077160494 0.0762080439814814 0.12506751543209868
30 0.6302083333333333 0.5417775848765433 0.08081958912037024 0.13292341820987655
23 0.2434353298611111 0.8337625385802468 0.12657335069444442 0.19846161265432105
35 0.35292787905092593 0.8281225887345679 0.13257740162037035 0.1510079089506172
36 0.46626338252314814 0.8025824652777778 0.13221571180555558 0.15556037808641973
34 0.6283275462962963 0.7641878858024692 0.2260561342592593 0.19488811728395058
40 0.3963577835648148 0.976171875 0.11049623842592593 0.041444830246913554
37 0.49578631365740744 0.9510947145061728 0.1157407407407407 0.0896604938271605
38 0.6242404513888888 0.9423369984567902 0.16449652777777768 0.10511188271604925