21 0.0623196943359375 0.04439964518229167 0.05032575830078125 0.342278416015625 0.15850344921875 0.3617413463541667 0.19761549365234374 0.07523635286458334 0.0623196943359375 0.04439964518229167
20 0.202752609375 0.08456286067708334 0.16973370751953126 0.3579812669270834 0.27273204248046873 0.39437597460937496 0.28938301708984376 0.10858982356770834 0.202752609375 0.08456286067708334
19 0.2993402568359375 0.12502206640625 0.28349657373046877 0.39383119205729167 0.37945804443359377 0.41868850651041667 0.41238909716796873 0.15306660286458332 0.2993402568359375 0.12502206640625
41 0.422461236328125 0.142619396484375 0.3830347421875 0.41868283203124995 0.47862108056640623 0.4409194895833333 0.5239332407226562 0.17787314127604167 0.422461236328125 0.142619396484375
22 0.49012873095703124 0.441834392578125 0.6084783559570313 0.471041916015625 0.6065602084960937 0.307458884765625 0.664293869140625 0.19888709309895833 0.5323640737304688 0.16408310546875002 0.49012873095703124 0.441834392578125
43 0.636753193359375 0.27586904882812496 0.6205309565429687 0.4715386673177084 0.68349706640625 0.49013281705729167 0.7230851630859375 0.29303873828125 0.636753193359375 0.27586904882812496
9 0.05353069384765625 0.46298131380208335 0.0560884951171875 0.6336514811197916 0.11144929150390626 0.6484400885416667 0.11315559619140625 0.47090778190104166 0.05353069384765625 0.46298131380208335
9 0.12685288232421876 0.48342497526041667 0.12862834423828126 0.6525506048177083 0.1754574443359375 0.6645449537760416 0.18539234716796876 0.49528038020833337 0.12685288232421876 0.48342497526041667
3 0.19948786376953126 0.47675203906249997 0.19016942724609376 0.6678487018229166 0.2368664990234375 0.6782940436197916 0.249311513671875 0.4852848287760417 0.19948786376953126 0.47675203906249997
2 0.2547777690429687 0.4886048125 0.236700240234375 0.6828031901041666 0.28482690966796875 0.6933057161458334 0.3060034174804688 0.49712787500000005 0.2547777690429687 0.4886048125
1 0.3057146879882813 0.5323939140625 0.29002944580078127 0.6903510201822917 0.33244250439453127 0.7018136464843749 0.34514247021484373 0.538819439453125 0.3057146879882813 0.5323939140625
4 0.355782904296875 0.49605374934895835 0.3381320615234375 0.7069039290364584 0.374825986328125 0.71540190625 0.40368366650390625 0.5009743567708334 0.355782904296875 0.49605374934895835
25 0.3910330625 0.7071145963541667 0.42449484912109375 0.7334301764322917 0.467207662109375 0.731350455078125 0.49476192431640625 0.5907749609375 0.40349532275390626 0.5665034381510416 0.3910330625 0.7071145963541667
24 0.488153681640625 0.6434230540364584 0.46743116357421877 0.749693978515625 0.6179144741210938 0.7743335494791667 0.6150720185546875 0.66689126171875 0.488153681640625 0.6434230540364584
27 0.05398770263671875 0.6966298248697916 0.052150662109375 0.8624027721354167 0.10452173486328124 0.8761372473958334 0.107017078125 0.7076401953125 0.05398770263671875 0.6966298248697916
27 0.1166272666015625 0.7482719309895832 0.114598224609375 0.8788117031249999 0.1610813095703125 0.8902332779947916 0.16999767041015626 0.7594613860677083 0.1166272666015625 0.7482719309895832
26 0.1846187060546875 0.79188626171875 0.17820527587890625 0.884574712890625 0.21153607080078124 0.9021984680989584 0.22023490869140624 0.806928818359375 0.1846187060546875 0.79188626171875
18 0.29084307177734375 0.8234441471354167 0.25074077685546875 0.812572021484375 0.24095208984375 0.9113093124999999 0.28338278173828124 0.9213674329427084 0.29084307177734375 0.8234441471354167
17 0.3262446103515625 0.8256997942708333 0.29979266796875 0.9212103990885416 0.422106697265625 0.9515053990885417 0.4340072041015625 0.857935267578125 0.37685106005859376 0.8707132903645833 0.3262446103515625 0.8256997942708333
10 0.44436817626953123 0.8589364368489583 0.42798104345703125 0.9580579537760417 0.5636990493164062 0.9874610201822916 0.5581267133789063 0.87479577734375 0.49848731494140625 0.88932880078125 0.44436817626953123 0.8589364368489583