21 0.1521047158203125 0.45768748893229166 0.12242645068359374 0.18136243164062502 0.01025122998046875 0.20502460221354168 0.01406846923828125 0.281369388671875 0.048022228515625 0.4784528795572917 0.1521047158203125 0.45768748893229166
20 0.1356820166015625 0.18823469596354167 0.1577479599609375 0.4557777923177084 0.26205776904296874 0.43875086328125 0.24430703369140624 0.1771106783854167 0.1356820166015625 0.18823469596354167
19 0.29892578125 0.30678288966049383 0.126953125 0.292115162037037
41 0.3998209635416667 0.2805097415123457 0.14332682291666665 0.30832368827160495
22 0.5552827705078125 0.10290101171875 0.4459864716796875 0.12039674088541667 0.47827860595703126 0.39589097526041667 0.5871179379882813 0.385930642578125 0.5552827705078125 0.10290101171875
43 0.6001870434570312 0.38177661002604163 0.6711610239257813 0.37153446158854164 0.6590976362304688 0.17583071419270835 0.5805105307617188 0.1847976302083333 0.6001870434570312 0.38177661002604163
9 0.07993310400390626 0.576605458984375 0.12589274853515625 0.7460314101562501 0.18676555859375 0.7360280442708333 0.1539637529296875 0.5629284752604167 0.07993310400390626 0.576605458984375
9 0.255740521484375 0.7399704609375001 0.217981421875 0.5499705201822916 0.1541780087890625 0.564091837890625 0.1928530087890625 0.7440427552083334 0.255740521484375 0.7399704609375001
3 0.30248659326171873 0.7283798020833333 0.26526133740234376 0.5362701953125 0.21824050927734376 0.5413620709635417 0.2579563642578125 0.7319715188802083 0.30248659326171873 0.7283798020833333
2 0.35501311376953126 0.7193799720052083 0.31970906787109377 0.5214271796875 0.26701800390625 0.5307849570312501 0.30279189306640625 0.7300375123697916 0.35501311376953126 0.7193799720052083
1 0.37143055126953123 0.5468657408854166 0.32939501416015626 0.5489795358072916 0.35352644384765625 0.7200701510416666 0.393162630859375 0.7099353444010417 0.37143055126953123 0.5468657408854166
4 0.42076322314453124 0.494233857421875 0.367352970703125 0.49843521875 0.3931484033203125 0.7148664055989583 0.43952634326171874 0.706283798828125 0.42076322314453124 0.494233857421875
25 0.5150788076171875 0.540621982421875 0.42161063818359373 0.5489127037760416 0.44671089697265626 0.7052319837239583 0.5222555610351562 0.694768841796875 0.5150788076171875 0.540621982421875
24 0.6766014633789063 0.6765028678385416 0.6541585463867188 0.559651146484375 0.5184230913085938 0.58882779296875 0.5185418383789062 0.6996443281250001 0.6766014633789063 0.6765028678385416
27 0.195802615234375 0.7750820084635417 0.13548444091796874 0.7880955377604167 0.17174649951171875 0.9599516471354167 0.22898015283203124 0.960235564453125 0.195802615234375 0.7750820084635417
27 0.26383579052734374 0.8039578294270834 0.2046453232421875 0.8030640826822917 0.235750001953125 0.95192507421875 0.2869128818359375 0.9442848365885417 0.26383579052734374 0.8039578294270834
26 0.315100548828125 0.8369317109375 0.2785075283203125 0.8360472897135417 0.2945544013671875 0.9356976256510418 0.3345908232421875 0.9377526328125 0.315100548828125 0.8369317109375
18 0.40339373291015623 0.92573729296875 0.3896811865234375 0.7999522675781251 0.3371902700195312 0.8154051126302083 0.3507023686523438 0.9350948248697916 0.40339373291015623 0.92573729296875
17 0.5268977685546875 0.8101149016927084 0.4055743984375 0.8249032819010417 0.40319334423828124 0.9196423014322916 0.5405142504882813 0.9191047740885416 0.5268977685546875 0.8101149016927084
10 0.6527339428710938 0.7922884895833334 0.5299274443359375 0.8115432076822917 0.536614548828125 0.9129538098958333 0.680076826171875 0.8956836009114584 0.6527339428710938 0.7922884895833334