21 0.026428943359375 0.13193494791666668 0.03538178125 0.41437407877604165 0.141327654296875 0.42204837174479165 0.15103448583984375 0.14920479361979166 0.026428943359375 0.13193494791666668
20 0.16073693212890625 0.15094054817708333 0.1480815302734375 0.4277466028645833 0.25855988818359377 0.4368666608072917 0.24383652294921876 0.15360958333333333 0.16073693212890625 0.15094054817708333
19 0.3488647470703125 0.1770601946614583 0.2550070849609375 0.173999916015625 0.25752344580078124 0.42279760742187505 0.3464727001953125 0.44092544401041667 0.3488647470703125 0.1770601946614583
41 0.47472498828125 0.18501839973958334 0.35716371533203123 0.169072982421875 0.35479967529296874 0.44547494401041665 0.4630323618164062 0.4498006497395833 0.47472498828125 0.18501839973958334
43 0.6583899326171875 0.46255910026041663 0.681249330078125 0.26181593619791665 0.589299970703125 0.25313162304687503 0.585211193359375 0.45193691536458336 0.6583899326171875 0.46255910026041663
24 0.4854928310546875 0.63766278515625 0.48057835595703124 0.7337515826822917 0.6232705034179687 0.7574868802083333 0.6153903032226562 0.654141921875 0.4854928310546875 0.63766278515625
25 0.395946708984375 0.585795513671875 0.3988760366210938 0.7350432727864583 0.47035313916015625 0.7348790377604167 0.48173467333984377 0.5900534557291667 0.395946708984375 0.585795513671875
4 0.39565283154296876 0.5180790305989583 0.34225511572265627 0.5163444869791667 0.343446462890625 0.7307620104166667 0.38883746240234374 0.7376182447916667 0.39565283154296876 0.5180790305989583
1 0.336416236328125 0.5557418626302083 0.2977721962890625 0.557197099609375 0.2965792275390625 0.7272217272135416 0.341419279296875 0.730843630859375 0.336416236328125 0.5557418626302083
2 0.24592647509765625 0.5153401888020833 0.25028745361328125 0.7274573177083333 0.29548424560546876 0.7299794641927083 0.2937442041015625 0.5189259993489583 0.24592647509765625 0.5153401888020833
3 0.2006945966796875 0.5122785794270833 0.20446665185546875 0.720075857421875 0.24882833837890625 0.722088765625 0.24480146923828125 0.5143835572916667 0.2006945966796875 0.5122785794270833
9 0.13092291650390625 0.5191567845052083 0.14239718798828124 0.7035790794270834 0.19678057470703125 0.7117015091145834 0.1929379365234375 0.5262409485677083 0.13092291650390625 0.5191567845052083
9 0.05960702978515625 0.5187729908854167 0.07588378759765625 0.70191553515625 0.13347927685546876 0.7001390970052084 0.114642935546875 0.5245089049479167 0.05960702978515625 0.5187729908854167
27 0.0807096279296875 0.74616342578125 0.09800687939453125 0.9055736842447916 0.14774354931640624 0.9187676432291667 0.127008794921875 0.7551538828125 0.0807096279296875 0.74616342578125
27 0.14683904345703125 0.7927605820312501 0.15513830810546875 0.9206406959635417 0.20825678759765626 0.9277286601562501 0.19692453173828126 0.8017277630208333 0.14683904345703125 0.7927605820312501
26 0.21448993212890624 0.8201469101562501 0.2197133212890625 0.938664849609375 0.25873169921875 0.939264638671875 0.25022032958984375 0.8218339785156249 0.21448993212890624 0.8201469101562501
18 0.2748304340820312 0.83399302734375 0.27843497119140626 0.9438986263020833 0.3199101025390625 0.9449423619791667 0.312459966796875 0.84212294921875 0.2748304340820312 0.83399302734375
17 0.35116251171875 0.8356798977864583 0.3351248798828125 0.9284052473958333 0.455005734375 0.9595842786458334 0.45512003564453124 0.862430130859375 0.35116251171875 0.8356798977864583
10 0.46958683935546874 0.8499076588541666 0.46432239697265626 0.9557549127604167 0.5981927314453125 0.9825842265625 0.5798783979492188 0.8639200065104166 0.46958683935546874 0.8499076588541666
22 0.47524519189453124 0.1659462578125 0.46278846923828126 0.4481825442708333 0.58375923828125 0.4557947513020833 0.6092294399414062 0.18123076627604165 0.47524519189453124 0.1659462578125