21 0.12262177587890626 0.5826994049479167 0.24569841259765626 0.5584335319010417 0.24691096240234375 0.20900595247395834 0.07048115087890625 0.20532969596354167 0.12262177587890626 0.5826994049479167
20 0.27298139892578127 0.5454917330729167 0.3802943950195313 0.540638888671875 0.3687750498046875 0.22033002669270832 0.2493360615234375 0.217903439453125 0.27298139892578127 0.5454917330729167
19 0.3936326884765625 0.526079365234375 0.48518229150390624 0.5187996028645833 0.46638740087890623 0.441957671875 0.5003395336914063 0.24055158723958334 0.3728673115234375 0.2396861770833333 0.3936326884765625 0.526079365234375
41 0.4857886904296875 0.5066666666666667 0.5652125498046875 0.4969603177083333 0.5924955356445313 0.23246296289062499 0.50018799609375 0.22250793619791667 0.4857886904296875 0.5066666666666667
22 0.5712752978515625 0.48563624348958334 0.6640374501953125 0.47673875651041664 0.65615575390625 0.37644014518229163 0.6907140375976563 0.22437433854166666 0.59188913671875 0.208361111328125 0.5712752978515625 0.48563624348958334
43 0.666685763671875 0.4681560846354167 0.7058214287109374 0.4644791666666667 0.7383427578125 0.29607804231770835 0.6779853671875 0.2914050924479167 0.666685763671875 0.4681560846354167
9 0.17871577392578125 0.8779550266927084 0.22612053564453125 0.8602470240885417 0.22485639892578124 0.7346031744791667 0.150905009765625 0.732350529296875 0.17871577392578125 0.8779550266927084
9 0.26151612109375 0.8475982141927084 0.3007041171875 0.829889880859375 0.30576041650390623 0.7185813489583334 0.24018402783203124 0.71128174609375 0.26151612109375 0.8475982141927084
3 0.31903372998046875 0.8155548938802083 0.36201413671875 0.8104953704427084 0.3664384921875 0.6671435182291666 0.32156200390625 0.659663029296875 0.31903372998046875 0.8155548938802083
2 0.3664384921875 0.8020628307291666 0.4119471728515625 0.7961600527343751 0.4201639384765625 0.657024470703125 0.36738665673828125 0.6533425924479167 0.3664384921875 0.8020628307291666
1 0.41573958349609375 0.795316798828125 0.45176711328125 0.7860413359375 0.46124801611328126 0.6679867727864583 0.4219020336914063 0.6670373678385416 0.41573958349609375 0.795316798828125
4 0.45555952392578125 0.7742357805989584 0.4928511904296875 0.7683330026041667 0.5111810517578125 0.6469054231770833 0.4566656748046875 0.62911342578125 0.45555952392578125 0.7742357805989584
25 0.499171875 0.7523111770833334 0.54657663671875 0.7523111770833334 0.577547619140625 0.6249811510416666 0.5127611606445313 0.633327380859375 0.499171875 0.7523111770833334
24 0.64454637890625 0.620764880859375 0.573123263671875 0.656181216796875 0.5656964287109375 0.7555261243489584 0.6723571430664063 0.7109920638020834 0.64454637890625 0.620764880859375
27 0.23509201416015624 1 0.230545138671875 0.9192741399739583 0.1714471728515625 0.9377708333333333 0.17655519482421875 1 0.23509201416015624 1
27 0.3011524931640625 1 0.29943997998046873 0.92517691796875 0.2441344248046875 0.9430380292968751 0.2478311884765625 1 0.3011524931640625 1
26 0.3477601767578125 1 0.34494841259765624 0.9369824733072917 0.314451388671875 0.9367175924479166 0.30576041650390623 0.9791448411458333 0.31215545166015624 1 0.3477601767578125 1
18 0.37655158740234373 0.9985393515625001 0.41005084326171876 0.9833607805989583 0.41637152783203124 0.9057820768229167 0.37923784716796877 0.918809193359375 0.37655158740234373 0.9985393515625001
17 0.426484623046875 0.9698690475260417 0.526982638671875 0.92854993359375 0.5092849702148438 0.8425386907552084 0.4732571923828125 0.8855443118489584 0.41716170654296875 0.8714044309895833 0.426484623046875 0.9698690475260417
10 0.5307750498046875 0.9310175266927083 0.624952380859375 0.8837959654947917 0.5920850693359375 0.7960982141927083 0.5585858134765626 0.8306712962239583 0.5111810517578125 0.8324272486979166 0.5307750498046875 0.9310175266927083