5 0.14369032118055555 0.21146074459876543 0.09415509259259258 0.3627700617283951
8 0.21305338541666669 0.23656925154320987 0.07791160300925926 0.3216097608024691
8 0.2774938512731482 0.23753134645061727 0.0722294560185186 0.3261091820987654
7 0.33259186921296297 0.2589168595679012 0.05345052083333335 0.26995563271604944
7 0.38014503761574076 0.25450183256172837 0.05615234375 0.26412519290123465
6 0.44705222800925926 0.25483699845679014 0.09449146412037035 0.2710117669753087
6 0.5715729890046296 0.29351610725308647 0.15855758101851847 0.18639081790123457
0 0.1320601851851852 0.6047260802469135 0.04120370370370374 0.11820023148148155
42 0.17269603587962962 0.5709346064814814 0.04696542245370372 0.1533998842592593
32 0.23912579571759257 0.5458646797839507 0.10340711805555558 0.186496913580247
31 0.3308991608796297 0.5285349151234567 0.09255642361111116 0.1961516203703703
31 0.41374782986111114 0.5208863811728395 0.07411024305555558 0.18620756172839506
28 0.4728895399305556 0.5576171875 0.054521122685185164 0.10922067901234571
29 0.5241807725694445 0.5512852044753086 0.04521846064814827 0.10847800925925928
30 0.5760398582175925 0.549192226080247 0.04912471064814827 0.10851658950617289
23 0.17351164641203703 0.8011742862654322 0.12374493634259259 0.1697771990740741
35 0.2884440104166667 0.7912374614197532 0.1118127893518519 0.1390721450617285
36 0.39504304108796295 0.7694950810185185 0.0981228298611111 0.12592110339506193
34 0.524318214699074 0.7424406828703703 0.15315393518518516 0.1101948302469135
40 0.2876609519675926 0.9665461033950619 0.09548249421296295 0.06690779320987635
37 0.3812536168981482 0.9396629050925925 0.09614438657407409 0.120674189814815
38 0.4933865017361111 0.9349175347222222 0.12358940972222232 0.12812500000000013