5 0.10400390625 0.21940104166666666 0.07080078125 0.3248697916666667
8 0.16650390625 0.23763020833333334 0.06103515625 0.2819010416666667
8 0.2255859375 0.23697916666666666 0.06201171875 0.28125
7 0.28564453125 0.2545572916666667 0.06005859375 0.2552083333333333
7 0.33837890625 0.2552083333333333 0.05029296875 0.255859375
6 0.3721644345703125 0.382337962890625 0.4953814482421875 0.3661574075520833 0.5031517856445312 0.21038756640625 0.4869298115234375 0.11647486783854166 0.3688154760742188 0.11685119075520833 0.3721644345703125 0.382337962890625
6 0.59521484375 0.2845052083333333 0.1611328125 0.19596354166666666
0 0.125 0.5657552083333334 0.0341796875 0.099609375
42 0.16357421875 0.54296875 0.04345703125 0.13802083333333334
32 0.22900390625 0.5319010416666666 0.09375 0.17447916666666666
31 0.3232421875 0.5149739583333334 0.0966796875 0.20247395833333334
31 0.4111328125 0.5182291666666666 0.08203125 0.208984375
28 0.47998046875 0.5735677083333334 0.0615234375 0.11458333333333333
29 0.54052734375 0.57421875 0.0576171875 0.11197916666666667
30 0.60595703125 0.576171875 0.06103515625 0.119140625
23 0.17724609375 0.7584635416666666 0.09765625 0.17578125
35 0.28564453125 0.7819010416666666 0.11279296875 0.123046875
36 0.40087890625 0.787109375 0.11181640625 0.12825520833333334
34 0.56640625 0.7923177083333334 0.2041015625 0.14322916666666666
39 0.194091796875 0.9651692708333334 0.10302734375 0.06966145833333333
40 0.299072265625 0.96484375 0.10107421875 0.0703125
37 0.402587890625 0.9534505208333334 0.10205078125 0.09309895833333333
38 0.531982421875 0.9661458333333334 0.15478515625 0.06770833333333333