5 0.03754935498046875 0.10567559505208333 0.06533903759765625 0.44896395507812503 0.1306780751953125 0.436917328125 0.10437723193359374 0.10655787044270833 0.03754935498046875 0.10567559505208333
8 0.1109937998046875 0.148035052734375 0.12952033740234375 0.4436689817708333 0.1918819443359375 0.4336087962239583 0.17318997998046876 0.148917328125 0.1109937998046875 0.148035052734375
8 0.1930396826171875 0.134797619140625 0.17517485107421876 0.17009722200520835 0.18774652783203125 0.4392566139322917 0.25192757958984374 0.445434193359375 0.2446493056640625 0.21157440494791668 0.223310763671875 0.138066798828125 0.1930396826171875 0.134797619140625
7 0.24200272802734374 0.23098908723958333 0.2532509921875 0.4339616399739583 0.3035372021484375 0.4295492727864583 0.2962591767578125 0.21333928580729167 0.2836875 0.17997189127604166 0.255236111328125 0.1806871692708333 0.24200272802734374 0.23098908723958333
7 0.2982440478515625 0.20716170638020834 0.30155233154296873 0.43749173307291667 0.35316195458984373 0.4339616399739583 0.352500248046875 0.24157903450520835 0.3366202875976563 0.17627480143229168 0.3109809028320312 0.17886904752604169 0.2982440478515625 0.20716170638020834
6 0.352500248046875 0.185099537109375 0.352500248046875 0.4277843912760417 0.46167435498046877 0.4251369049479166 0.470937748046875 0.244226521484375 0.4484412202148437 0.16215476171875 0.3639139384765625 0.16232771158854167 0.352500248046875 0.185099537109375
6 0.46498288671875 0.420724537109375 0.637014880859375 0.41719444466145833 0.6376763393554687 0.23451884895833333 0.47639632958984374 0.23511044986979168 0.46498288671875 0.420724537109375
0 0.08651240087890626 0.684486111328125 0.1242269345703125 0.6818386243489584 0.11430208349609375 0.5706448411458334 0.0793993056640625 0.5791746028645833 0.08651240087890626 0.684486111328125
42 0.12753521826171876 0.6933108463541666 0.16591170654296875 0.6809560182291667 0.160452876953125 0.52734424609375 0.1090086806640625 0.5335800266927083 0.12753521826171876 0.6933108463541666
32 0.161280009765625 0.500045634765625 0.1678965771484375 0.6721309524739584 0.26052926611328125 0.6585737434895833 0.2598675595703125 0.501810515625 0.161280009765625 0.500045634765625
31 0.255236111328125 0.474453373046875 0.262514384765625 0.6597761243489583 0.3551468251953125 0.6544814817708333 0.35647023828125 0.4700003307291667 0.255236111328125 0.474453373046875
31 0.3551468251953125 0.45856845247395833 0.35647023828125 0.6562463626302083 0.4251175595703125 0.6464434524739583 0.438516369140625 0.45856845247395833 0.3551468251953125 0.45856845247395833
28 0.46142578125 0.5963541666666666 0.0615234375 0.12044270833333333
29 0.51806640625 0.5924479166666666 0.05908203125 0.12174479166666667
30 0.57568359375 0.5885416666666666 0.0595703125 0.12239583333333333
23 0.1004072421875 0.7329543652343751 0.11496378955078125 0.9253373014322918 0.22000247998046876 0.90559424609375 0.20494965283203126 0.7258945104166666 0.1004072421875 0.7329543652343751
35 0.21090476171875 0.77178373046875 0.2234761904296875 0.909452380859375 0.33248487109375 0.892361111328125 0.32537202392578124 0.7523690475260416 0.21090476171875 0.77178373046875
36 0.33265054541015626 0.7541339283854166 0.33265054541015626 0.887389880859375 0.44579464306640626 0.8714083997395834 0.4491029267578125 0.7382493385416667 0.33265054541015626 0.7541339283854166
34 0.4484412202148437 0.7417791002604166 0.4451329365234375 0.8706226848958334 0.6211349204101563 0.8548667330729166 0.638999751953125 0.7258945104166666 0.4484412202148437 0.7417791002604166
37 0.44545839990234376 1 0.44579464306640626 0.927649470703125 0.3432371030273437 0.95001256640625 0.34348688623046875 1 0.44545839990234376 1
38 0.5909565600585938 1 0.5946684028320313 0.9375744049479167 0.4464563491210938 0.9526600527343749 0.4453724916992188 1 0.5909565600585938 1