21 0.1259765625 0.2682291666666667 0.10400390625 0.2884114583333333
20 0.2470703125 0.2884114583333333 0.091796875 0.287109375
19 0.34326171875 0.3111979166666667 0.09130859375 0.2727864583333333
41 0.45166015625 0.31640625 0.109375 0.2897135416666667
22 0.57421875 0.322265625 0.1103515625 0.302734375
43 0.68017578125 0.3763020833333333 0.07421875 0.2109375
9 0.11279296875 0.5970052083333334 0.076171875 0.18880208333333334
9 0.1845703125 0.6041666666666666 0.06201171875 0.197265625
3 0.24365234375 0.6119791666666666 0.04345703125 0.20442708333333334
2 0.2919921875 0.6145833333333334 0.0458984375 0.21028645833333334
1 0.3408203125 0.640625 0.04052734375 0.17122395833333334
4 0.38818359375 0.625 0.04638671875 0.22200520833333334
25 0.45947265625 0.666015625 0.08056640625 0.15755208333333334
24 0.6491071430664063 0.783548611328125 0.6413340771484375 0.6721283066406251 0.509156001953125 0.6586531087239583 0.49873288671875 0.7620671295572916 0.6491071430664063 0.783548611328125
27 0.1463826884765625 0.915900462890625 0.138998759765625 0.7504351848958333 0.09076810498046875 0.7442516536458333 0.09968402783203124 0.9061276451822917 0.1463826884765625 0.915900462890625
27 0.20547346240234374 0.928045634765625 0.20108928564453124 0.7952288359374999 0.15340277783203124 0.7882582669270833 0.15684325390625 0.9160995371093751 0.20547346240234374 0.928045634765625
26 0.2392578125 0.875 0.0439453125 0.12174479166666667
18 0.30126953125 0.888671875 0.05029296875 0.12174479166666667
17 0.4052734375 0.9055989583333334 0.13330078125 0.12044270833333333
10 0.6036197734375 1 0.5931540180664062 0.891451388671875 0.478201884765625 0.87877215625 0.47242534716796875 0.9775674602864584 0.5875897329101563 1 0.6036197734375 1