21 0.0800708912037037 0.2690899884259259 0.11949146412037037 0.30811631944444445
20 0.1534623916015625 0.13994008854166667 0.1539263564453125 0.25703771484375 0.1693995693359375 0.31994660481770837 0.13735615576171875 0.41846721158854167 0.24665039599609376 0.4384025520833333 0.245704916015625 0.36684501171875 0.2617353779296875 0.23632344335937502 0.22630953125 0.149312826171875 0.1534623916015625 0.13994008854166667
19 0.26170387841796877 0.228373501953125 0.25754994921875 0.3493297298177083 0.2459814091796875 0.4366276106770834 0.3453078330078125 0.4467201809895833 0.3370879877929687 0.37683715104166665 0.3641264985351563 0.18462567122395834 0.24211097607421875 0.16976212760416667 0.26170387841796877 0.228373501953125
41 0.44320878564453126 0.4311799192708334 0.4629764306640625 0.24152605533854166 0.483356806640625 0.20645350585937502 0.3687074013671875 0.17136801627604167 0.34594882080078126 0.4414286171875 0.45855600146484377 0.462289044921875 0.44320878564453126 0.4311799192708334
22 0.5636928227539062 0.43535811979166666 0.5632588344726562 0.32582614518229164 0.5869453994140625 0.289912142578125 0.611139708984375 0.21514059505208336 0.6117141987304687 0.19306604231770833 0.46867157666015624 0.17535244726562502 0.4737602294921875 0.29024316145833334 0.456559787109375 0.459613875 0.5824057265625 0.48064256835937497 0.5636928227539062 0.43535811979166666
43 0.6304452401620371 0.37504340277777776 0.09658564814814818 0.22093460648148136
9 0.07927698206018519 0.6018373842592593 0.08209273726851851 0.20512152777777773
9 0.15020616319444446 0.6112557870370371 0.07301432291666665 0.19157986111111094
3 0.2070041232638889 0.6185329861111111 0.055135995370370394 0.19897280092592595
2 0.25585394965277775 0.6204499421296297 0.06190321180555558 0.21822916666666656
1 0.3032787181712963 0.6424913194444445 0.051743344907407396 0.17796585648148153
4 0.35208875868055556 0.6241970486111111 0.0595630787037037 0.2226417824074073
25 0.41563765914351847 0.6687065972222223 0.08474392361111116 0.1708188657407407
27 0.09150571469907408 0.8216001157407407 0.07251157407407408 0.19089988425925952
27 0.15400933159722224 0.847142650462963 0.0644929108796296 0.15921585648148154
26 0.20788122106481483 0.8760850694444443 0.03882016782407405 0.10112847222222203
18 0.27149522569444445 0.8736617476851851 0.0517650462962963 0.13505497685185178
17 0.297656259765625 0.9494119420572917 0.42945633642578124 0.9696324407552083 0.43500098828125 0.8654763313802083 0.376165068359375 0.8841619830729166 0.32420311376953126 0.8418850794270832 0.297656259765625 0.9494119420572917
10 0.426819134765625 0.9722488346354167 0.5692035170898437 0.9908374720052083 0.5555130244140625 0.8767210358072917 0.493363916015625 0.8944815989583333 0.4409579404296875 0.8654410162760416 0.426819134765625 0.9722488346354167
14 0.16567382812499998 0.9980251736111111 0.047667100694444464 0.003949652777777739
24 0.6027644096679687 0.6656480677083333 0.46435227880859375 0.653892646484375 0.45100601025390624 0.7602818958333333 0.6101002973632812 0.7797537330729166 0.6027644096679687 0.6656480677083333