21 0.11248387890625 0.3475433203125 0.087015625 0.4305760579427083 0.20020684521484375 0.43812433854166666 0.23322098193359375 0.42680158723958334 0.2190721728515625 0.4091888229166667 0.25019965283203127 0.13115509244791665 0.08253521826171875 0.09935681184895834 0.11248387890625 0.3475433203125
19 0.36244766845703125 0.2544457669270833 0.3464122021484375 0.41044675911458334 0.3567881943359375 0.4569953704427083 0.44828447412109373 0.46831812174479165 0.4313055556640625 0.390317791015625 0.4746956845703125 0.20663921940104168 0.3490062001953125 0.18267791015625 0.36244766845703125 0.2544457669270833
20 0.34075272802734374 0.38276917968749996 0.35773139892578126 0.23809093945312498 0.33603645849609376 0.16260681184895834 0.248313244140625 0.146251984375 0.23322098193359375 0.26576851822916664 0.24265352197265624 0.3588657408854166 0.23227777783203124 0.44050231510416665 0.3511284721679688 0.45573743359375 0.34075272802734374 0.38276917968749996
41 0.4366827875976563 0.389814484375 0.45296378955078126 0.4663336640625 0.53979637890625 0.47150396809895834 0.5304928076171875 0.44358465625000004 0.5659625498046875 0.23026157421875001 0.4754471728515625 0.20575496028645834 0.4366827875976563 0.389814484375
22 0.5320434028320312 0.449789021484375 0.53979637890625 0.4663336640625 0.641359623046875 0.47874206380208334 0.6266289682617188 0.3515548938802084 0.6553147319335938 0.28951223567708334 0.663843005859375 0.2316058203125 0.545998759765625 0.1995505950520833 0.545998759765625 0.22023148177083332 0.5653809521484375 0.2316058203125 0.5584035219726563 0.24815079361979167 0.5522011411132812 0.26779728841145833 0.5320434028320312 0.449789021484375
43 0.7219898315429687 0.31329530403645833 0.6824499008789062 0.2946825397135417 0.6436855161132813 0.30398908723958334 0.6367078374023437 0.4249718912760417 0.637483134765625 0.4777080026041667 0.6880706845703125 0.47577017187500004 0.7111356645507813 0.32880588606770833 0.7219898315429687 0.31329530403645833
9 0.10640872998046876 0.5903382936197917 0.1118358134765625 0.6885724205729167 0.11416170654296875 0.7485469576822917 0.18626364111328125 0.7433766536458334 0.183937748046875 0.7071851848958333 0.18858953369140624 0.5593171295572917 0.11338640869140625 0.5532992727864584 0.10640872998046876 0.5903382936197917
9 0.1940166171875 0.7402748014322916 0.2645679565429688 0.7423429231770834 0.2674754462890625 0.5610522486979167 0.19789310498046875 0.5613852513020833 0.1940166171875 0.7402748014322916
3 0.27077033740234374 0.579998015625 0.26534325390625 0.7340704361979166 0.2909280751953125 0.7475128971354167 0.31651264892578124 0.737172619140625 0.32349007958984377 0.5706914680989583 0.3159310517578125 0.5365013229166666 0.2886021826171875 0.5407043652343749 0.27077033740234374 0.579998015625
2 0.3374454365234375 0.5303640872395833 0.32581597216796876 0.5675896165364583 0.314186755859375 0.7392407408854167 0.3661312001953125 0.7475128971354167 0.3824122021484375 0.5851683203125 0.3682631450195312 0.526164021484375 0.3374454365234375 0.5303640872395833
1 0.38551339306640625 0.5686236770833334 0.37465947412109374 0.5893045638020834 0.37233358154296875 0.645142857421875 0.3700076884765625 0.745444775390625 0.40489583349609376 0.7464788359375 0.4186572421875 0.5726815475260417 0.38551339306640625 0.5686236770833334
4 0.4413343251953125 0.52622784375 0.4188509423828125 0.5737936510416667 0.40334523828125 0.724763888671875 0.4266039184570313 0.7423429231770834 0.4521884921875 0.7351044973958333 0.4676941962890625 0.6037810846354167 0.462267361328125 0.5274563489583334 0.4413343251953125 0.52622784375
25 0.45684027783203124 0.7268320104166667 0.4971552578125 0.7361385579427083 0.5227400795898437 0.7268320104166667 0.5475493549804687 0.5946481484375 0.4715706845703125 0.59550859765625 0.45684027783203124 0.7268320104166667
24 0.5366951884765625 0.64927876953125 0.5227400795898437 0.7433766536458334 0.651438244140625 0.7382066796875 0.627985615234375 0.6372893515625 0.5366951884765625 0.64927876953125
10 0.53979637890625 0.8601835319010417 0.4839754462890625 0.8426048281249999 0.48552604150390627 0.9491111113281251 0.6072467758789063 0.9377367727864584 0.579530009765625 0.8362804231770834 0.53979637890625 0.8601835319010417
17 0.4324950395507812 0.9528320104166667 0.4914171625976563 0.9362873678385416 0.48211359130859377 0.8473597884114583 0.43559622998046876 0.8825171959635417 0.38132564501953126 0.8504616399739584 0.36950247998046876 0.9516428574218749 0.4324950395507812 0.9528320104166667
18 0.3188385415039062 0.8539791666666666 0.314186755859375 0.9739282408854167 0.3576029267578125 0.9603270501302084 0.366906498046875 0.8477748014322916 0.3188385415039062 0.8539791666666666
26 0.25914112109375 0.859149470703125 0.24673635888671874 0.9677238756510417 0.29557961328125 0.9590350527343751 0.2948043154296875 0.8601835319010417 0.25914112109375 0.859149470703125
27 0.23820808544921876 0.9770304231770833 0.24673635888671874 0.8260601848958333 0.18626364111328125 0.8239920638020833 0.18122420654296875 0.9706643515625001 0.23820808544921876 0.9770304231770833
27 0.112611111328125 0.9832347884114583 0.1777353671875 0.9853025794270834 0.1769603173828125 0.7898683860677083 0.11241716259765624 0.7962238756510417 0.112611111328125 0.9832347884114583