21 0.30060375390625 0.12238564583333333 0.1448939931640625 0.05285922005208333 0.14210467041015626 0.300237298828125 0.1083927998046875 0.3937541028645833 0.241732142578125 0.42198914062500004 0.30060375390625 0.12238564583333333
20 0.36094722802734375 0.46250500455729165 0.36694324560546876 0.343246134765625 0.39260825390625 0.23681186979166668 0.3806451591796875 0.16794946679687497 0.298813576171875 0.13147333072916667 0.270396783203125 0.26487073372395836 0.27168335546875 0.3314455338541667 0.24530221044921874 0.42308895963541665 0.36094722802734375 0.46250500455729165
19 0.39539677294921877 0.27098926171875 0.377502734375 0.35670196484375 0.3630003447265625 0.40525635091145834 0.3656601826171875 0.4609317545572917 0.45328062744140624 0.4834558404947917 0.444455248046875 0.40376674934895834 0.46668784619140624 0.37064504752604166 0.5060983041992188 0.23702012955729168 0.414629341796875 0.20536689518229168 0.38930883740234373 0.19133137109375 0.39539677294921877 0.27098926171875
41 0.4641643071289063 0.3804366223958333 0.44611092236328126 0.4213419680989583 0.45797982666015624 0.4807125983072917 0.5349041284179687 0.5049443072916667 0.5312822353515625 0.467143923828125 0.5940591064453125 0.274759208984375 0.5056872158203125 0.23004352604166667 0.4641643071289063 0.3804366223958333
22 0.5347985366210938 0.50578237109375 0.6311917197265625 0.5341855755208333 0.6377161870117187 0.4107344817708333 0.6840665615234375 0.30265218033854163 0.626567732421875 0.268859642578125 0.5680671010742188 0.24685376367187498 0.5649155888671875 0.25651078580729164 0.5927426518554687 0.276249517578125 0.5346336118164062 0.46613995898437505 0.5347985366210938 0.50578237109375
43 0.7223244638671875 0.38293789127604166 0.6616959897460938 0.35990598958333336 0.6351919877929687 0.46788253515624995 0.6316655498046875 0.53170403125 0.6741543081054687 0.5476960592447917 0.7223244638671875 0.38293789127604166
9 0.10627030859375 0.7075070826822917 0.1685620712890625 0.70966070703125 0.19169571875 0.526052646484375 0.1181052822265625 0.5163119746093751 0.1081641201171875 0.60545074609375 0.09760080712890624 0.6892900703125 0.10627030859375 0.7075070826822917
9 0.26437251171875 0.5430427571614583 0.19996549169921876 0.5269635436197917 0.17546444287109375 0.71630578125 0.23628317041015626 0.7250319733072916 0.26185370263671875 0.6091062076822916 0.26437251171875 0.5430427571614583
3 0.291238140625 0.734223814453125 0.3276833056640625 0.5371084986979167 0.2779636313476562 0.527316349609375 0.24214643896484375 0.7245662180989583 0.291238140625 0.734223814453125
2 0.3761120947265625 0.5776208977864583 0.36244743359375 0.5325028984375 0.3452586513671875 0.5345508209635417 0.31926713720703126 0.5731902376302084 0.29102687451171877 0.7359005944010417 0.3424250263671875 0.7426082890625 0.3761120947265625 0.5776208977864583
1 0.3788504072265625 0.750412962890625 0.4054833764648437 0.6209381315104167 0.4084152626953125 0.5835893626302083 0.3850100854492188 0.5786663997395833 0.36958033544921876 0.6141063990885417 0.3406464951171875 0.7413661888020834 0.3788504072265625 0.750412962890625
4 0.40970286181640625 0.592567423828125 0.38168526611328124 0.7432711627604167 0.4212507578125 0.7517486523437501 0.45698716015625 0.626807435546875 0.45484383935546874 0.5772698658854166 0.4602138833007812 0.55000670703125 0.4380312314453125 0.5468972747395834 0.40970286181640625 0.592567423828125
25 0.52863605078125 0.627639646484375 0.459099814453125 0.6100396354166667 0.4280707890625 0.7385725475260417 0.459037962890625 0.7589840944010416 0.4875218701171875 0.7530328639322916 0.52863605078125 0.627639646484375
24 0.597941107421875 0.6790716953125 0.5148248383789062 0.6796684427083334 0.49760491015625 0.724196126953125 0.49200633544921873 0.7686311236979168 0.60642985546875 0.7767886041666667 0.597941107421875 0.6790716953125
27 0.0600449130859375 0.9413483899739584 0.0709428115234375 0.94368342578125 0.125792958984375 0.9518495104166668 0.15363956103515625 0.7666681992187501 0.0849815927734375 0.7574535403645833 0.0600449130859375 0.9413483899739584
27 0.2160607880859375 0.8049061744791667 0.1520320224609375 0.7999036712239583 0.13155641796875 0.9470572532552084 0.1949984951171875 0.9503183717447916 0.2160607880859375 0.8049061744791667
26 0.2242258994140625 0.8412033092447917 0.20722306005859376 0.8788893203125 0.199823150390625 0.9427418912760417 0.24357925634765626 0.9486731881510417 0.2568831962890625 0.8482006165364583 0.2242258994140625 0.8412033092447917
18 0.3309075649414063 0.8442578893229166 0.27625784716796875 0.8428806634114583 0.2567679169921875 0.9514990533854166 0.308694232421875 0.9540147975260417 0.3309075649414063 0.8442578893229166
17 0.3855170102539062 0.8817894680989583 0.33373660107421876 0.8422809817708333 0.31665875341796873 0.9471110800781251 0.43348295556640626 0.9618101048177082 0.43442462744140625 0.8570733932291666 0.3855170102539062 0.8817894680989583
10 0.436047052734375 0.915863904296875 0.4256354677734375 0.9575455950520834 0.5389142944335937 0.9594303092447917 0.5238070395507812 0.8579340169270834 0.48467391015625 0.8728994765625 0.43476048095703124 0.849289103515625 0.436047052734375 0.915863904296875