5 0.1251377216796875 0.34867788476562495 0.13429060009765625 0.013795256510416666 0.129245529296875 0.012764990234375 0.07480348681640625 0.007387998697916666 0.06787707373046875 0.33929784049479167 0.1251377216796875 0.34867788476562495
8 0.17981735205078125 0.3692051354166667 0.18535295751953124 0.06556509244791667 0.133885896484375 0.061576708984375 0.12718240576171874 0.3607742200520833 0.17981735205078125 0.3692051354166667
8 0.2337418369140625 0.3850695572916667 0.2503156552734375 0.08527258789062499 0.18633612255859375 0.07204546614583333 0.17704977001953126 0.3737471875 0.2337418369140625 0.3850695572916667
7 0.28207248193359374 0.4019992688802083 0.307588044921875 0.133506771484375 0.25120351025390625 0.11879169596354167 0.230453333984375 0.38236201497395833 0.28207248193359374 0.4019992688802083
7 0.33655180322265627 0.4160757701822917 0.3612754599609375 0.14765350195312502 0.30595962109375 0.12981186523437502 0.28198013671875 0.4030180260416667 0.33655180322265627 0.4160757701822917
6 0.513800990234375 0.251782865234375 0.4936419619140625 0.2944158196614583 0.461895126953125 0.46272087630208336 0.6779645791015625 0.53940115625 0.7205101142578125 0.303944421875 0.513800990234375 0.251782865234375
6 0.5181590893554687 0.1712186282552083 0.3801471796875 0.12355525065104167 0.35686741943359374 0.19195292643229167 0.34233115283203125 0.42162171875 0.4054170883789063 0.45337039713541666 0.4670308076171875 0.4493777688802083 0.5047149794921875 0.2502279036458333 0.52669777734375 0.2502836106770833 0.5181590893554687 0.1712186282552083
0 0.10837775 0.5768914290364583 0.10591218701171876 0.47414141145833333 0.08244062109375 0.464519818359375 0.0770493583984375 0.5673132233072916 0.10837775 0.5768914290364583
32 0.22980321533203124 0.62344456640625 0.2455139306640625 0.4587837825520833 0.1601385224609375 0.4217020794270833 0.147791623046875 0.592567052734375 0.22980321533203124 0.62344456640625
42 0.145024041015625 0.5971091041666666 0.15238166259765626 0.5072761204427083 0.14639301611328126 0.4433929283854167 0.12305548779296875 0.43662291471354164 0.10807907275390626 0.493552966796875 0.107239779296875 0.5807822220052083 0.145024041015625 0.5971091041666666
31 0.3159299389648437 0.6609010774739583 0.3420346489257812 0.46820950846354165 0.247515888671875 0.42803751562500003 0.230277248046875 0.6268755885416667 0.3159299389648437 0.6609010774739583
31 0.3858410952148438 0.695323728515625 0.4362271064453125 0.501152802734375 0.34565089013671874 0.46296835872395836 0.320234728515625 0.6567271770833333 0.3858410952148438 0.695323728515625
28 0.478270228515625 0.6112744407552083 0.4111564809570312 0.580644041015625 0.3930329794921875 0.7199427044270833 0.454366884765625 0.7450270377604166 0.478270228515625 0.6112744407552083
29 0.52185359375 0.7715429205729167 0.5461680556640625 0.6419154212239583 0.4765518798828125 0.6129046471354167 0.45609242138671874 0.7433175364583334 0.52185359375 0.7715429205729167
30 0.5931170795898437 0.8083705286458334 0.6181475283203125 0.6708442272135416 0.5452949643554688 0.6428840559895833 0.5233908305664062 0.77191074609375 0.5931170795898437 0.8083705286458334
23 0.15907239453125 0.84063546875 0.16347047216796876 0.7054849667968749 0.17924729931640626 0.6613817096354166 0.08818466943359375 0.6177349147135417 0.0728556416015625 0.786845478515625 0.15907239453125 0.84063546875
35 0.26398638916015627 0.8852484869791667 0.27574752783203127 0.749003615234375 0.16519239990234375 0.703815275390625 0.15992034423828125 0.839944203125 0.26398638916015627 0.8852484869791667
36 0.379368443359375 0.9486578717447917 0.3991217734375 0.8087083359374999 0.27759141015625 0.754649083984375 0.26146662646484375 0.8892217233072918 0.379368443359375 0.9486578717447917
34 0.6121883950195313 1 0.6316934711914063 0.9329124036458333 0.39672357275390624 0.8091753554687501 0.38035160888671876 0.9551382454427083 0.4643802646484375 1 0.6121883950195313 1
39 0.07206181591796874 0.8692400729166666 0.07202126171875 0.9523973463541666 0.16094835693359374 0.9736755546875 0.162436169921875 0.9248130234374999 0.07206181591796874 0.8692400729166666
40 0.16225147900390624 0.9268505397135417 0.16186051611328126 0.9738938131510416 0.262131560546875 0.9978863665364583 0.2627222216796875 0.970666771484375 0.16225147900390624 0.9268505397135417
37 0.3690428525390625 1 0.26576955810546876 0.9370484101562501 0.26222020849609373 0.997907578125 0.2709649765625 1 0.3690428525390625 1