21 0.12451171875 0.3587239583333333 0.10546875 0.2526041666666667
20 0.2275390625 0.365234375 0.08642578125 0.25
19 0.3212890625 0.380859375 0.0869140625 0.22981770833333334
41 0.421875 0.376953125 0.08837890625 0.24609375
22 0.5283203125 0.3782552083333333 0.09326171875 0.263671875
43 0.61669921875 0.4153645833333333 0.0576171875 0.17838541666666666
9 0.1435546875 0.6399739583333334 0.0673828125 0.15364583333333334
9 0.20654296875 0.6419270833333334 0.0537109375 0.15234375
3 0.2587890625 0.646484375 0.0390625 0.15690104166666666
2 0.30126953125 0.6412760416666666 0.03955078125 0.15755208333333334
1 0.3408203125 0.66015625 0.03466796875 0.13736979166666666
4 0.38232421875 0.6490885416666666 0.04345703125 0.18489583333333334
25 0.44287109375 0.6731770833333334 0.0693359375 0.12565104166666666
24 0.612407490234375 0.749960978515625 0.606593998046875 0.6563703704427083 0.4901639384765625 0.647569775390625 0.48055034716796874 0.7456517858072916 0.612407490234375 0.749960978515625
27 0.198829365234375 0.8888495371093751 0.18126364111328125 0.7626514550781249 0.1353526787109375 0.7571739420572916 0.15310590283203124 0.8838535052083333 0.198829365234375 0.8888495371093751
27 0.22705078125 0.8326822916666666 0.05029296875 0.11458333333333333
26 0.27197265625 0.8502604166666666 0.0322265625 0.083984375
18 0.32568359375 0.8626302083333334 0.04150390625 0.08333333333333333
17 0.41650390625 0.86328125 0.095703125 0.09895833333333333
10 0.586484126953125 0.9268740078125001 0.5754620537109375 0.8400505950520833 0.4746160712890625 0.825485119140625 0.46900496044921874 0.9099808203125 0.586484126953125 0.9268740078125001
12 0.201416015625 0.9778645833333334 0.04541015625 0.044270833333333336
14 0.242919921875 0.9703776041666666 0.03369140625 0.059244791666666664
15 0.286865234375 0.9798177083333334 0.03662109375 0.040364583333333336
11 0.3291015625 0.9765625 0.04296875 0.046875
13 0.37158203125 0.9700520833333334 0.0380859375 0.059895833333333336
16 0.411376953125 0.9830729166666666 0.03662109375 0.033854166666666664