21 0 0.38354570833333335 0.02140011181640625 0.5548099029947916 0.0978828642578125 0.5317905774739583 0.0992967666015625 0.42094780078125 0.07864444384765625 0.2896141946614583 0 0.3161940677083333 0 0.38354570833333335
20 0.15274464599609375 0.29159223111979166 0.1504483603515625 0.27472324674479165 0.08433143359375 0.2969336328125 0.1025469755859375 0.5408435423177084 0.18807269091796874 0.52166425390625 0.15274464599609375 0.29159223111979166
19 0.21184714988425926 0.3920476466049383 0.12994068287037036 0.276075424382716
41 0.3025860821759259 0.3556327160493827 0.14870153356481486 0.3087528935185186
22 0.46567143701171876 0.155802853515625 0.3479858193359375 0.19725627539062499 0.36801360791015625 0.4653273098958333 0.47325503759765625 0.43775101367187497 0.46567143701171876 0.155802853515625
43 0.5354285625 0.21975907096354166 0.461874984375 0.23904508854166664 0.47871304052734376 0.43860346614583334 0.5553972612304687 0.4203798541666666 0.5354285625 0.21975907096354166
9 0.08353768807870371 0.7043885030864198 0.08846571180555557 0.18636188271604937
9 0.13705512152777777 0.6978853202160494 0.08264973958333333 0.18785204475308634
3 0.152741916015625 0.6463415436197917 0.18310526123046875 0.7749222747395833 0.22005527783203124 0.769845720703125 0.18621440234375 0.6134105709635417 0.159129537109375 0.5997813255208333 0.152741916015625 0.6463415436197917
2 0.227949091796875 0.6086911445312501 0.2115150439453125 0.584587580078125 0.1962701259765625 0.59231356640625 0.186947826171875 0.6354524192708334 0.22024646240234375 0.7674566295572917 0.25854313720703126 0.7633707272135416 0.227949091796875 0.6086911445312501
1 0.2630533854166667 0.6869550540123456 0.07229456018518521 0.1824845679012347
4 0.3070384837962963 0.6597583912037037 0.09100115740740744 0.23465470679012354
25 0.3705692997685185 0.6742356288580247 0.09761284722222219 0.1812355324074074
24 0.4240320126953125 0.647542759765625 0.410534197265625 0.7575314973958333 0.5731904677734375 0.73423954296875 0.5650709301757812 0.6150631106770833 0.4240320126953125 0.647542759765625
27 0.1317378271484375 0.9692409342447917 0.17176352978515624 0.9613675006510416 0.14693826904296875 0.8482438925781249 0.1603173759765625 0.825831048828125 0.1524472265625 0.8105557454427084 0.09177026708984375 0.8150180221354167 0.12475223291015625 0.945130328125 0.1317378271484375 0.9692409342447917
27 0.14622418359375 0.8616322552083333 0.17518101806640626 0.967675712890625 0.2258817216796875 0.960064611328125 0.19802080419921875 0.8358544908854166 0.16411422119140626 0.8326421946614584 0.14622418359375 0.8616322552083333
26 0.24241838134765625 0.8647152291666668 0.212635388671875 0.866735529296875 0.225258400390625 0.96340053515625 0.26288179931640626 0.9588196230468751 0.24241838134765625 0.8647152291666668
18 0.3202570185546875 0.9346153899739583 0.3062369033203125 0.8401903470052083 0.2667507954101562 0.850409037109375 0.2523590126953125 0.8853075605468751 0.2726217509765625 0.9640862057291667 0.31096873095703126 0.9638317701822916 0.3202570185546875 0.9346153899739583
17 0.4393932314453125 0.9635266803385417 0.4402348955078125 0.8609597942708334 0.3884382758789062 0.88673755859375 0.3374371962890625 0.8581207200520833 0.3197641381835937 0.956387765625 0.4277613935546875 0.9644457389322917 0.4393932314453125 0.9635266803385417
10 0.5238219887695312 0.9568557662760416 0.5796915146484375 0.9340368417968751 0.5713897412109376 0.8435405761718751 0.5076717749023437 0.87572807421875 0.44880758154296874 0.8530667454427084 0.43689140966796874 0.9637243548177082 0.5238219887695312 0.9568557662760416