5 0.05953233506944444 0.3103804976851852 0.11906467013888888 0.43586516203703707
8 0.14089084201388888 0.3252965856481482 0.1278754340277778 0.3812065972222222
8 0.2214626736111111 0.3127025462962963 0.11457248263888886 0.37365451388888893
7 0.29325086805555556 0.328833912037037 0.0976236979166667 0.323046875
7 0.3539605034722222 0.3208622685185185 0.09022352430555558 0.31827256944444454
6 0.44505208333333335 0.2926215277777778 0.14089626736111116 0.3425491898148148
6 0.6289225260416667 0.3107711226851852 0.21636284722222232 0.2732060185185185
0 0.11143120659722222 0.7298972800925926 0.055305989583333326 0.12657696759259243
42 0.15633680555555557 0.6882378472222221 0.07072482638888888 0.17323495370370376
32 0.23406575520833334 0.6556929976851852 0.13063151041666665 0.2244646990740741
31 0.34401041666666665 0.624754050925926 0.13164062499999996 0.22644675925925917
31 0.44589301215277777 0.6085575810185185 0.09736328125000004 0.21957465277777777
28 0.5225477430555555 0.6404658564814815 0.07618272569444451 0.14932002314814818
29 0.5884928385416667 0.6261357060185185 0.0698459201388888 0.14978298611111107
30 0.6585232204861111 0.6158347800925926 0.07528211805555562 0.15384837962962963
23 0.19239366319444445 0.9095269097222222 0.15151909722222223 0.18094618055555559
35 0.3175944010416667 0.9053602430555555 0.1362847222222222 0.18298611111111107
36 0.44430881076388884 0.8794777199074074 0.1387152777777778 0.1824074074074075
34 0.6180609809027777 0.8305627893518519 0.2289062500000001 0.20590277777777763
37 0.45157877604166663 0.9924768518518517 0.1064127604166667 0.015046296296296427
38 0.5827311197916667 0.9768771701388889 0.1455512152777778 0.0462456597222222