21 0.0476175673828125 0.08704629166666666 0.044923166015625 0.3694121334635417 0.1505881220703125 0.38170604752604165 0.17155266552734375 0.109735822265625 0.0476175673828125 0.08704629166666666
20 0.18118677734375 0.11189293880208334 0.15710922509765626 0.387690201171875 0.2672485546875 0.401625673828125 0.2642042270507812 0.11819092838541667 0.18118677734375 0.11189293880208334
19 0.36830047265625 0.14619507942708335 0.2745374716796875 0.139036119140625 0.2667920947265625 0.38753445442708334 0.35502351953125 0.4095215716145833 0.36830047265625 0.14619507942708335
41 0.49387478466796875 0.15964315039062502 0.37693169482421873 0.13858386458333333 0.363165634765625 0.4144276640625 0.4712562983398437 0.4234784869791666 0.49387478466796875 0.15964315039062502
43 0.6661533134765625 0.44475752148437503 0.6973007978515625 0.245344142578125 0.6056787255859375 0.2326538359375 0.5933881103515625 0.43095323697916665 0.6661533134765625 0.44475752148437503
24 0.48597525146484377 0.6120135442708333 0.47709558447265626 0.7077293600260416 0.6188566801757812 0.7376645013020834 0.6152366752929688 0.634145044921875 0.48597525146484377 0.6120135442708333
25 0.398538466796875 0.55631641015625 0.395312501953125 0.705446671875 0.466820421875 0.7084078854166668 0.48417965283203124 0.5643182350260417 0.398538466796875 0.55631641015625
4 0.4010377080078125 0.48869850065104165 0.347693578125 0.4846321139322917 0.34004087939453126 0.6987489186197916 0.3851643359375 0.7075784921875 0.4010377080078125 0.48869850065104165
1 0.3402276435546875 0.5237093717447917 0.301510578125 0.5234725891927083 0.29330391064453126 0.6931652942708334 0.3380096474609375 0.6987417708333333 0.3402276435546875 0.5237093717447917
2 0.2513739604492187 0.47941771223958335 0.24698684716796876 0.6913764921875 0.29209480712890623 0.6958706184895833 0.29905986376953125 0.4850883470052083 0.2513739604492187 0.47941771223958335
3 0.20625315478515624 0.47438347656249996 0.2014551083984375 0.6820037643229168 0.24574868798828126 0.6859529772135416 0.2502880361328125 0.4784134661458333 0.20625315478515624 0.47438347656249996
9 0.13617428759765626 0.478199751953125 0.14004523681640624 0.6628202799479167 0.194111876953125 0.6733071380208333 0.19791795458984374 0.487983728515625 0.13617428759765626 0.478199751953125
9 0.0648502421875 0.47469846028645835 0.0735780810546875 0.658251322265625 0.13126622021484374 0.6589960423177084 0.1196680625 0.48283125911458336 0.0648502421875 0.47469846028645835
27 0.076580376953125 0.7026374049479167 0.08730797900390624 0.862541650390625 0.13651714501953124 0.8778885253906249 0.12252427294921875 0.7136373977864583 0.076580376953125 0.7026374049479167
27 0.14080996435546875 0.752049251953125 0.14383713037109375 0.8800818157552084 0.1966811083984375 0.88948060546875 0.19054241552734374 0.7631915553385417 0.14080996435546875 0.752049251953125
26 0.2073539580078125 0.7823484029947917 0.20769039208984375 0.9008997115885417 0.246697154296875 0.903204505859375 0.24302678515625 0.7855949277343749 0.2073539580078125 0.7823484029947917
18 0.26714362255859375 0.7988099928385416 0.266215908203125 0.9086923502604166 0.3076619375 0.91154777734375 0.30445046484375 0.8085718059895833 0.26714362255859375 0.7988099928385416
17 0.3434317963867187 0.8038315384114583 0.3235639677734375 0.8957031061197916 0.44219905322265624 0.9320723587239583 0.4463208759765625 0.8350830696614584 0.3434317963867187 0.8038315384114583
10 0.46130908154296874 0.8232137298177084 0.45167680615234373 0.92865664453125 0.5844854965820313 0.9612949967447917 0.5710597490234375 0.8420252760416668 0.46130908154296874 0.8232137298177084
14 0.15925834814453124 0.9682554459635417 0.15941210205078124 0.9889424485677084 0.207193263671875 0.9891105891927082 0.20710823974609374 0.9653240013020833 0.15925834814453124 0.9682554459635417
22 0.49518186474609377 0.14062513541666666 0.47107906884765627 0.421852380859375 0.5917765356445313 0.4347412415364584 0.6285807158203125 0.16174265885416667 0.49518186474609377 0.14062513541666666