21 0.10193185595703125 0.03679248502604167 0.04399486279296875 0.27575283984375 0.1209046591796875 0.29714102604166664 0.188224125 0.05850996028645833 0.10193185595703125 0.03679248502604167
20 0.189411724609375 0.062148341796875 0.120115611328125 0.30359172591145833 0.19848060595703124 0.33422568880208336 0.2494810302734375 0.08853348242187499 0.189411724609375 0.062148341796875
19 0.25051909326171873 0.10097039583333334 0.20112543505859376 0.334569400390625 0.2715081474609375 0.3651415455729166 0.33199576806640624 0.11552794921875 0.25051909326171873 0.10097039583333334
41 0.33397108935546876 0.11113631380208333 0.27522318994140627 0.3651914095052083 0.36185941796875 0.39581210872395833 0.43289098291015626 0.14749517447916666 0.33397108935546876 0.11113631380208333
22 0.44113007861328124 0.13257936328125 0.367318921875 0.3937697864583333 0.47066164306640623 0.437756041015625 0.5530060297851562 0.15947205143229168 0.44113007861328124 0.13257936328125
43 0.5344986303710938 0.23061238346354165 0.47594682177734376 0.43663750390625 0.5435129306640625 0.46373014388020833 0.6016268764648437 0.250112169921875 0.5344986303710938 0.23061238346354165
9 0.03545538671875 0.3768452825520833 0.0184749814453125 0.5273459277343749 0.0645215771484375 0.5398331412760417 0.08172710009765626 0.3809288463541667 0.03545538671875 0.3768452825520833
9 0.08185110986328124 0.397085587890625 0.06642095556640625 0.554939849609375 0.10825237548828125 0.5666576809895834 0.13134962841796874 0.40223372200520835 0.08185110986328124 0.397085587890625
3 0.1335889404296875 0.40040761328124996 0.10812240625 0.5791958515625 0.1394487373046875 0.5858557493489583 0.1642937265625 0.402908298828125 0.1335889404296875 0.40040761328124996
2 0.16687419775390624 0.4064830618489583 0.1393509169921875 0.5899203743489584 0.17693507568359376 0.6093420416666667 0.20534235888671876 0.4151111399739584 0.16687419775390624 0.4064830618489583
1 0.20122043994140626 0.45409641080729163 0.17685349853515625 0.615145423828125 0.20940553759765626 0.6235462506510416 0.231560505859375 0.46152135481770834 0.20122043994140626 0.45409641080729163
4 0.25754640185546873 0.6391972083333334 0.2916687783203125 0.4428683118489583 0.24526586962890626 0.42678736328125 0.20800370263671875 0.62989801953125 0.25754640185546873 0.6391972083333334
25 0.283998296875 0.5070755162760416 0.26156035546875 0.64686113671875 0.3106933935546875 0.6730549192708333 0.3514879301757812 0.539491439453125 0.283998296875 0.5070755162760416
24 0.3570004443359375 0.5957798808593749 0.3034946865234375 0.6905688470052084 0.4457167587890625 0.7625967233072917 0.483973681640625 0.6481992109375 0.3570004443359375 0.5957798808593749
27 0 0.73060625 0.03038999267578125 0.7444116634114583 0.06064627294921875 0.5880934518229167 0.01064816552734375 0.576964466796875 0 0.67726016796875 0 0.73060625
27 0.05497052001953125 0.6274495130208334 0.03294548828125 0.750886755859375 0.06762957958984375 0.776045751953125 0.0839700615234375 0.6356149557291667 0.05497052001953125 0.6274495130208334
26 0.09664030810546875 0.6851978932291667 0.07812188818359375 0.7758327805989583 0.10747364111328125 0.7957367916666667 0.11952140771484375 0.7001905475260416 0.09664030810546875 0.6851978932291667
18 0.1320650771484375 0.7140972701822917 0.11736285009765625 0.807021728515625 0.1491826259765625 0.8269849348958332 0.1608559306640625 0.7333733372395833 0.1320650771484375 0.7140972701822917
17 0.209380712890625 0.7430316712239583 0.16052388232421874 0.829315419921875 0.2564974848632813 0.902255486328125 0.284950744140625 0.8173148606770834 0.209380712890625 0.7430316712239583
10 0.3247772221679687 0.9470810813802083 0.381336109375 0.9574045885416668 0.4038885771484375 0.8674094759114582 0.3080272119140625 0.8086509231770833 0.2586634033203125 0.9036903964843751 0.3247772221679687 0.9470810813802083
10 0 0.8878005638020833 0.0218643408203125 0.8917913899739583 0.0281243291015625 0.8516509544270834 0 0.8481182350260417 0 0.8878005638020833
15 0.031039638671875 0.843998060546875 0.02243280322265625 0.8918951497395833 0.05929510205078125 0.8986235039062499 0.0652902353515625 0.8562586940104167 0.031039638671875 0.843998060546875