5 0.08134765625 0.2692057291666667 0.09251302083333332 0.3445216049382716
8 0.14962565104166667 0.29551263503086417 0.09118923611111113 0.2943431712962963
8 0.20906575520833331 0.29453607253086417 0.0820529513888889 0.3018904320987654
7 0.26484375 0.3078703703703704 0.07167968749999998 0.26446759259259256
7 0.315478515625 0.3070023148148148 0.07305772569444446 0.2594039351851853
6 0.40888671875 0.2927517361111111 0.1532986111111111 0.3063271604938272
6 0.5770290798611111 0.32826967592592593 0.19071180555555545 0.24047550154320985
0 0.11999782986111111 0.6205994405864198 0.04076605902777777 0.10607156635802466
42 0.15602756076388888 0.6010079089506174 0.051193576388888884 0.14674961419753085
32 0.22323676215277777 0.5887345679012346 0.10492621527777779 0.18260513117283939
31 0.3122612847222222 0.5733989197530864 0.10847439236111112 0.22000385802469133
31 0.40594618055555554 0.5718918788580246 0.10274522569444444 0.2272376543209876
28 0.47674696180555554 0.6229021990740741 0.06151258680555549 0.12241994598765427
29 0.5376573350694445 0.6217447916666666 0.0669270833333333 0.12555459104938263
30 0.6053819444444444 0.6225646219135803 0.06701388888888893 0.13076292438271597
23 0.18255208333333334 0.8142602237654321 0.11538628472222223 0.1959876543209876
35 0.2875651041666667 0.8373480902777777 0.11353081597222214 0.14315682870370358
36 0.40735134548611107 0.8397231867283951 0.12140842013888897 0.1478346836419752
34 0.5696885850694444 0.8420621141975309 0.21022135416666665 0.1826051311728397
39 0.20634765625 0.9869309413580248 0.10520833333333335 0.026138117283950397
40 0.31194661458333334 0.984423225308642 0.1015625 0.031153549382715973
37 0.4127332899305556 0.9772497106481483 0.10587022569444438 0.045500578703703574
38 0.5508843315972223 0.9848934220679012 0.15170355902777777 0.03021315586419752