21 0.09234354541015626 0 0.07013241796875 0.2850284876302083 0.17758342724609374 0.30751932421875 0.22750403662109375 0.021565609375 0.14398166845703125 0 0.09234354541015626 0
20 0.23228974267578126 0.03105146223958333 0.18895626806640625 0.30406287955729167 0.29058896484375 0.343373595703125 0.31801985888671874 0.05751884830729167 0.23228974267578126 0.03105146223958333
19 0.327358015625 0.07425690104166667 0.30137477783203126 0.34312551953125 0.3964052768554687 0.37068286393229166 0.43935684130859376 0.10547995442708334 0.327358015625 0.07425690104166667
41 0.449823697265625 0.095291970703125 0.39998243310546877 0.37077609960937497 0.494736615234375 0.3956975592447917 0.5499729921875 0.13341739778645834 0.449823697265625 0.095291970703125
22 0.5062105444335937 0.39693242382812505 0.6234666533203125 0.429467220703125 0.62771811328125 0.2655282760416667 0.6895506376953126 0.15835221158854165 0.558924509765625 0.11983500260416667 0.5062105444335937 0.39693242382812505
43 0.6591046103515625 0.23471500130208334 0.6355013413085937 0.43029823046875 0.6977704497070313 0.4506682604166667 0.7447948989257812 0.25430416471354167 0.6591046103515625 0.23471500130208334
9 0.06878511083984375 0.406043498046875 0.0649060478515625 0.577100390625 0.11971285400390624 0.5934474921875 0.12811512841796874 0.4156336881510417 0.06878511083984375 0.406043498046875
9 0.14134124853515626 0.4285528821614583 0.136738046875 0.598040740234375 0.18311796240234374 0.6113524485677083 0.1994375693359375 0.44204926367187497 0.14134124853515626 0.4285528821614583
3 0.21423286767578126 0.4238764583333334 0.19770634521484376 0.615069203125 0.244012646484375 0.6268253854166667 0.26373809521484376 0.4338030188802083 0.21423286767578126 0.4238764583333334
2 0.26907950634765626 0.437280330078125 0.24367630859375 0.6313382819010417 0.29141014892578126 0.64319129296875 0.3199871953125 0.44723592122395833 0.26907950634765626 0.437280330078125
1 0.3183683427734375 0.482559267578125 0.29672447998046875 0.640375013671875 0.33870810693359377 0.653031880859375 0.357556470703125 0.49008714453125 0.3183683427734375 0.482559267578125
4 0.36981059375 0.4475365592447917 0.34420606640625 0.6582889440104166 0.3805819853515625 0.6678174986979166 0.41752903955078124 0.4537910690104167 0.36981059375 0.4475365592447917
25 0.39710273388671874 0.6599630846354166 0.4295742807617188 0.6872528391927083 0.47236844970703123 0.6863505768229167 0.5052265747070313 0.5462768854166666 0.414869171875 0.5194362630208333 0.39710273388671874 0.6599630846354166
24 0.49663219140625 0.5988396888020834 0.4719001181640625 0.7047342434895834 0.621464392578125 0.7335813522135416 0.6226740625 0.625861529296875 0.49663219140625 0.5988396888020834
27 0.0604298056640625 0.640137232421875 0.05234030517578125 0.8061662897135417 0.10419694091796874 0.8213746210937499 0.11304753173828125 0.6526346217447917 0.0604298056640625 0.640137232421875
27 0.1211258994140625 0.6936073736979167 0.1141732490234375 0.8243327135416667 0.160228728515625 0.8370610188802083 0.17407792333984376 0.7062936106770833 0.1211258994140625 0.6936073736979167
26 0.187477013671875 0.7391828932291666 0.17756728369140626 0.8318655748697917 0.21023565234375 0.8504437890625001 0.222528298828125 0.755238337890625 0.187477013671875 0.7391828932291666
18 0.29251838720703127 0.7737370553385418 0.25282341015625 0.7617356907552083 0.2393100537109375 0.8603850611979166 0.28136428857421875 0.8716353105468749 0.29251838720703127 0.7737370553385418
17 0.3278372685546875 0.7769759791666666 0.2977812177734375 0.871931833984375 0.41896098583984376 0.9056657643229166 0.4343914194335938 0.8122515266927084 0.37674943408203126 0.8234724388020833 0.3278372685546875 0.7769759791666666
10 0.44471533984375 0.8135411028645834 0.424588595703125 0.9123929173177084 0.5592068955078126 0.9456039772135417 0.5578834897460937 0.8325760279947917 0.4976918876953125 0.8454865104166666 0.44471533984375 0.8135411028645834