21 0.23737063134765626 0.5214404694010416 0.2611424921875 0.34308973242187496 0.2943424028320312 0.16441536393229167 0.11111255224609375 0.101543564453125 0.1293754013671875 0.35760692252604165 0.0898330087890625 0.48944322265625 0.23737063134765626 0.5214404694010416
19 0.41245861181640625 0.329412029296875 0.380267279296875 0.45646441796875004 0.3807169345703125 0.533365251953125 0.48042073583984374 0.5654946946614583 0.47196881982421873 0.474577951171875 0.5401121372070312 0.2886614147135417 0.40500457666015627 0.23812877994791667 0.41245861181640625 0.329412029296875
20 0.2786053828125 0.3964011321614583 0.254654447265625 0.5104277988281251 0.37936879296875 0.54154447265625 0.37896033056640627 0.4473307141927083 0.4080701611328125 0.3389739147135417 0.3934271533203125 0.21736361328125 0.29622734521484373 0.17004391145833334 0.2729642529296875 0.29411735872395833 0.2786053828125 0.3964011321614583
41 0.4757795190429687 0.46852130794270835 0.48096184375 0.5508364401041667 0.56115836328125 0.5633862421875 0.6213444702148437 0.31910143684895836 0.5380760986328125 0.266888123046875 0.5134693608398437 0.37067517513020837 0.4757795190429687 0.46852130794270835
22 0.5893413100585938 0.47345207552083335 0.5640834248046875 0.5584389869791667 0.663952681640625 0.5725000436197917 0.6666526616210937 0.47649025911458337 0.7275919501953125 0.339968486328125 0.6328546474609374 0.29477168229166667 0.5893413100585938 0.47345207552083335
43 0.7640777919921875 0.40868644466145837 0.700990419921875 0.40466900260416666 0.6645707758789062 0.50049646875 0.6618655864257813 0.573787189453125 0.7039260654296875 0.5802437291666667 0.7640777919921875 0.40868644466145837
9 0.19631447265625 0.6340224954427084 0.1132209423828125 0.6219843984375 0.1116256865234375 0.8065645084635417 0.17035063427734376 0.8029213671875 0.19631447265625 0.6340224954427084
9 0.27474703466796874 0.6444782063802084 0.20597209912109374 0.6436829075520833 0.19459568701171875 0.7980221380208333 0.25559079833984377 0.7976703951822918 0.27474703466796874 0.6444782063802084
3 0.34528278076171875 0.6232137122395833 0.29240882421875 0.614107798828125 0.2588603896484375 0.8062720078125 0.3060020083007812 0.80465332421875 0.34528278076171875 0.6232137122395833
2 0.3583761557617188 0.8111039277343749 0.40371233935546874 0.62278657421875 0.3489010859375 0.618325890625 0.30430994482421875 0.7978561295572916 0.3583761557617188 0.8111039277343749
1 0.4046325009765625 0.8091669967447918 0.4373325805664062 0.6534327408854167 0.39750098974609377 0.6419857415364584 0.363571693359375 0.8080207565104166 0.4046325009765625 0.8091669967447918
4 0.4890847607421875 0.6266862239583334 0.44171380859375 0.6183209505208334 0.4058954536132813 0.80719384765625 0.4489189580078125 0.80780767578125 0.44924603173828126 0.8015563899739583 0.4890847607421875 0.6266862239583334
25 0.5529186904296876 0.6830525104166667 0.48322892626953123 0.6679014485677084 0.451729986328125 0.7964407330729166 0.47789638427734377 0.8083229765625001 0.5087970126953125 0.8028578157552083 0.5529186904296876 0.6830525104166667
24 0.6175278002929687 0.7062789700520833 0.5475259672851562 0.7157703528645833 0.517498958984375 0.78419036328125 0.5149539619140625 0.816693955078125 0.6271765122070313 0.8098407669270834 0.6175278002929687 0.7062789700520833
27 0.09799682666015624 0.8423260774739583 0.0901280302734375 0.9174429635416667 0.15860091943359375 0.9420584212239583 0.16942754052734374 0.8483370423177083 0.09799682666015624 0.8423260774739583
27 0.16869384912109375 0.8641637115885418 0.16061065185546874 0.942780904296875 0.220089591796875 0.9641631080729166 0.22878658642578126 0.85222369921875 0.16869384912109375 0.8641637115885418
26 0.23618732958984376 0.898328931640625 0.22633923046875 0.9664098040364584 0.2748634819335937 0.9838538854166666 0.2777984150390625 0.8961366165364583 0.23618732958984376 0.898328931640625
18 0.2842335639648437 0.9872223548177083 0.2961325629882812 0.9914999498697917 0.3311863046875 0.9931287285156251 0.3496342890625 0.8982671536458334 0.29598084912109374 0.8995796178385417 0.2842335639648437 0.9872223548177083
17 0.41727455908203126 0.9770431399739583 0.45337371240234375 0.9627905729166667 0.44616030126953127 0.8700474453124999 0.3938502900390625 0.9030229537760417 0.35760410546875 0.8726646673177084 0.34211867724609374 0.972304537109375 0.41727455908203126 0.9770431399739583
10 0.48986669873046873 0.889268810546875 0.453579751953125 0.8762239427083333 0.4519550634765625 0.9770852356770834 0.5597478701171875 0.9601383938802083 0.5373631879882812 0.864167181640625 0.48986669873046873 0.889268810546875