9 0.21896460262345677 0.7159197771990741 0.1503520447530864 0.1362123842592593
9 0.33199025848765434 0.6821379484953705 0.12491801697530865 0.1304072627314814
3 0.42358217592592595 0.6420355902777778 0.07879050925925934 0.13760489004629628
2 0.5000868055555555 0.6125759548611112 0.07224151234567906 0.1333369502314814
1 0.5608892746913581 0.5900607638888888 0.06041184413580236 0.12145543981481488
4 0.6193624614197532 0.5725459346064814 0.061873070987654266 0.13764105902777768
24 0.8364631558641976 0.5208514178240741 0.17578607253086412 0.0761357060185186
27 0.32405719521604937 0.8258192274305556 0.10016878858024691 0.06217447916666652
27 0.42127218364197533 0.8099681712962963 0.1015817901234568 0.07347728587962976
26 0.48934702932098767 0.7766203703703703 0.057219328703703574 0.06174045138888884
18 0.5429952739197531 0.7529748987268519 0.06762635030864199 0.06134259259259256
10 0.7720317322530864 0.6469816984953703 0.1504629629629631 0.0815610532407407
12 0.3832778742283951 0.9304832175925926 0.07352912808641972 0.06606264467592604
14 0.437377025462963 0.8941605179398149 0.06509452160493827 0.06852213541666652
15 0.49886188271604937 0.8685076678240741 0.06686921296296304 0.05056423611111116
11 0.5568962191358025 0.8294722945601852 0.07287808641975306 0.06602647569444442
13 0.615772087191358 0.8041630497685186 0.05784625771604931 0.05933521412037024
16 0.6629340277777778 0.7777144820601852 0.05842013888888905 0.05155888310185186
21 0 0.3198364853515625 0.066172271484375 0.6077160048828125 0.31810494270833334 0.5552007919921875 0.15373018294270832 0.24519357861328125 0 0.2835703486328125 0 0.3198364853515625
20 0.464537353515625 0.46875903515625 0.34018907031249995 0.19754888232421874 0.15068241731770834 0.20895946630859374 0.29765272265625004 0.519925107421875 0.464537353515625 0.46875903515625
19 0.5531517063802084 0.3965150146484375 0.5330375950520834 0.17237467626953126 0.368333154296875 0.2109380654296875 0.45807666731770835 0.4414722631835937 0.5531517063802084 0.3965150146484375
41 0.686788103515625 0.34910043212890624 0.6935284733072917 0.1142145419921875 0.5365580540364584 0.13335072412109375 0.5523224322916667 0.384900271484375 0.686788103515625 0.34910043212890624
22 0.691805822265625 0.17020294775390624 0.70268316796875 0.3666408569335938 0.8056472161458333 0.3098387387695313 0.691805822265625 0.17020294775390624
43 0.8938276816406251 0.2828017915039063 0.84002153515625 0.12150203076171875 0.7560321705729166 0.151142171875 0.8192611093750001 0.3211212978515625 0.8938276816406251 0.2828017915039063
25 0.7403155501302083 0.5930928598632812 0.749411349609375 0.4871730244140625 0.6515399563802083 0.52081268359375 0.6472822779947917 0.6170034443359375 0.7403155501302083 0.5930928598632812
17 0.7270685833333334 0.7026300283203125 0.693858009765625 0.6413913666992187 0.5654819101562499 0.695760572265625 0.5815855748697917 0.7740211323242188 0.7270685833333334 0.7026300283203125
33 0.7089942591145834 0.7786090981445313 0.839904646484375 0.7039655610351563 0.8483907584635416 0.6840608198242187 0.706642837890625 0.7575659921875 0.7089942591145834 0.7786090981445313