21 0.119530009765625 0.439955357421875 0.10232490087890625 0.5824695768229167 0.24992609130859375 0.5619378307291667 0.2444930556640625 0.379567791015625 0.24811507958984375 0.19357473567708336 0.061123263671875 0.1965 0.119530009765625 0.439955357421875
19 0.38847222216796873 0.313141865234375 0.37760590283203127 0.4484093912760417 0.39028323388671876 0.5232900130208333 0.49170262890625 0.5196666666666666 0.46906448388671873 0.4339166666666667 0.5052854663085937 0.22859920638020834 0.36673958349609376 0.22668419335937498 0.38847222216796873 0.313141865234375
20 0.39028323388671876 0.5317440475260417 0.374889384765625 0.439955357421875 0.38575570458984376 0.32401157421875 0.3522509921875 0.210483134765625 0.25083184521484375 0.19840575390625 0.24811507958984375 0.32763458984375 0.26984796630859376 0.42546230143229163 0.2648673115234375 0.5451289680989583 0.39028323388671876 0.5317440475260417
41 0.4998524306640625 0.2080674602864583 0.492608134765625 0.317972552734375 0.471781001953125 0.4266699733072917 0.4898916171875 0.505173611328125 0.5693516865234375 0.4892876985677083 0.58859424609375 0.22980687825520832 0.4998524306640625 0.2080674602864583
22 0.6945411704101563 0.21289847851562502 0.5958385415039062 0.20202876953125 0.5822557045898438 0.3916455026041667 0.571389384765625 0.48343419335937504 0.670092013671875 0.4621220240885417 0.6574146826171875 0.36749041015625 0.6945411704101563 0.21289847851562502
43 0.6791473212890625 0.28536342578125 0.6592256943359375 0.3916455026041667 0.668281001953125 0.464110119140625 0.7099352680664063 0.4556560846354167 0.7407232143554687 0.26715343945312503 0.6791473212890625 0.28536342578125
9 0.17386185498046874 0.884265873046875 0.23000446435546876 0.8601111113281249 0.2281934521484375 0.6861951061197917 0.1460166171875 0.7035965605468749 0.17386185498046874 0.884265873046875
9 0.25264285693359373 0.8468257272135417 0.3115022319335938 0.8250863092447916 0.3056163193359375 0.66888458984375 0.23905977197265624 0.6922337962239583 0.25264285693359373 0.8468257272135417
3 0.31602976171875 0.832332671875 0.3613062998046875 0.8142166002604166 0.37036160693359377 0.6233921959635417 0.31784077392578125 0.6330542330729166 0.31602976171875 0.832332671875
2 0.373078373046875 0.6173535052083333 0.35858978173828127 0.8081775794270833 0.412921626953125 0.802138888671875 0.42673090283203124 0.6024791666666667 0.373078373046875 0.6173535052083333
1 0.4237879462890625 0.6233921959635417 0.41744915673828126 0.7973078704427082 0.45729241064453124 0.7840228177083333 0.46408382958984373 0.6205896165364583 0.4237879462890625 0.6233921959635417
4 0.4627256943359375 0.5847913359375 0.4581981645507813 0.7816544309895833 0.4998524306640625 0.7671613756510417 0.499173115234375 0.7609467591145833 0.509813244140625 0.5763369707031251 0.4627256943359375 0.5847913359375
25 0.51071875 0.618608134765625 0.5007579365234375 0.7550836640625 0.5279238588867188 0.7574993385416667 0.5569007934570313 0.7413270501302084 0.5804444443359374 0.6089460976562501 0.51071875 0.618608134765625
24 0.5804444443359374 0.6427632272135416 0.5623340771484375 0.7200591933593751 0.5650505952148438 0.7526683203125 0.6723556547851562 0.7066150794270833 0.64654836328125 0.6089460976562501 0.5804444443359374 0.6427632272135416
27 0.24080671044921875 1 0.23634325390625 0.9047506614583334 0.16639112109375 0.9239421295572917 0.170749619140625 1 0.24080671044921875 1
27 0.3037179970703125 1 0.294297123046875 0.8877208997395832 0.23815426611328125 0.920451388671875 0.2428629404296875 1 0.3037179970703125 1
26 0.359759146484375 1 0.34862896826171874 0.9133776451822917 0.30878571435546875 0.9301134257812499 0.310112228515625 1 0.359759146484375 1
18 0.38152031298828126 1 0.4156381450195312 0.9892929895833333 0.41835466259765625 0.8902576061197917 0.36673958349609376 0.910359126953125 0.3693460166015625 1 0.38152031298828126 1
17 0.4219766865234375 0.8624794973958334 0.4228824404296875 0.9651382272135417 0.49623015869140624 0.943398478515625 0.528829365234375 0.9168280423177083 0.5070967260742187 0.8288614420572916 0.4618201884765625 0.8793878971354167 0.4219766865234375 0.8624794973958334
10 0.5152465278320313 0.8322857141927084 0.52973487109375 0.9312741399739584 0.6311542661132813 0.8769255950520832 0.5942537202148438 0.7911309524739583 0.5523730161132813 0.8322857141927084 0.5152465278320313 0.8322857141927084
33 0.6071168623046875 1 0.6121381450195312 0.9626755950520834 0.5445888994140625 1 0.6071168623046875 1