21 0.125 0.349609375 0.11376953125 0.2526041666666667
20 0.232421875 0.3639322916666667 0.0888671875 0.2584635416666667
19 0.32275390625 0.37890625 0.08544921875 0.23111979166666666
41 0.41650390625 0.375 0.08642578125 0.244140625
22 0.5283203125 0.373046875 0.08935546875 0.259765625
43 0.61865234375 0.4153645833333333 0.05859375 0.17643229166666666
9 0.14306640625 0.6393229166666666 0.0537109375 0.13671875
9 0.20361328125 0.640625 0.0537109375 0.13802083333333334
3 0.25732421875 0.6432291666666666 0.04150390625 0.15690104166666666
2 0.3017578125 0.642578125 0.04150390625 0.16145833333333334
1 0.341796875 0.662109375 0.03271484375 0.13736979166666666
4 0.38134765625 0.6432291666666666 0.03955078125 0.17578125
25 0.443359375 0.6705729166666666 0.07177734375 0.12044270833333333
24 0.55078125 0.6985677083333334 0.1171875 0.10026041666666667
27 0.17138671875 0.8151041666666666 0.0400390625 0.12955729166666666
27 0.22119140625 0.8365885416666666 0.0517578125 0.09765625
26 0.27197265625 0.8489583333333334 0.02783203125 0.07486979166666667
18 0.32470703125 0.8587239583333334 0.0390625 0.07942708333333333
17 0.41845703125 0.861328125 0.0927734375 0.09049479166666667
10 0.529296875 0.8697916666666666 0.1064453125 0.095703125
12 0.200439453125 0.9778645833333334 0.04150390625 0.044270833333333336
14 0.242431640625 0.9729817708333334 0.03662109375 0.054036458333333336
15 0.287109375 0.9791666666666666 0.0341796875 0.041666666666666664
11 0.328857421875 0.9768880208333334 0.04345703125 0.046223958333333336
13 0.37109375 0.9690755208333334 0.0390625 0.061848958333333336
16 0.4111328125 0.9807942708333334 0.03515625 0.038411458333333336