5 0.15199652777777778 0.16777102623456788 0.11885850694444444 0.32129629629629636
8 0.2115234375 0.20255594135802468 0.10625000000000001 0.29379340277777777
8 0.26884223090277776 0.2228322723765432 0.10034722222222225 0.29208622685185187
7 0.319580078125 0.25700954861111114 0.09338107638888893 0.2584780092592593
7 0.3745876736111111 0.2732108410493827 0.09178602430555549 0.2544704861111111
6 0.4627766927083333 0.292358699845679 0.16282552083333335 0.29575617283950617
6 0.5998263888888888 0.3726345486111111 0.19984809027777795 0.23725887345679006
0 0.10810546875 0.5007957175925926 0.0504123263888889 0.10936053240740733
42 0.1513400607638889 0.4884500385802469 0.06787109375 0.15083912037037037
32 0.21631944444444445 0.4991415895061728 0.11041666666666661 0.18495852623456788
31 0.3067708333333333 0.5164882330246914 0.1181423611111111 0.2121238425925925
31 0.3903266059027778 0.5424937307098765 0.10258246527777781 0.2129967206790123
28 0.44771592881944444 0.6120418595679012 0.0688259548611111 0.12102623456790133
29 0.5058539496527779 0.6297646604938272 0.07097439236111125 0.12702064043209882
30 0.564138454861111 0.6504340277777777 0.07190755208333321 0.1257860725308643
23 0.12606879340277777 0.7033468364197532 0.12732204861111113 0.1952208719135801
35 0.22642686631944445 0.7465012538580247 0.13002387152777778 0.1739728009259259
36 0.3362847222222222 0.7762827932098766 0.13168402777777777 0.17993344907407405
34 0.48764105902777777 0.8311197916666666 0.21593967013888893 0.2084924768518519
39 0.105078125 0.8852599344135803 0.11664496527777779 0.10874324845679013
40 0.20896809895833335 0.9178915895061728 0.1128255208333333 0.11107735339506182
37 0.31042209201388893 0.9397665895061729 0.11236979166666661 0.12046682098765427
38 0.4323404947916667 0.9664930555555555 0.15791015625000004 0.06701388888888893