21 0.14281684027777777 0.20093677662037038 0.2184027777777778 0.21615306712962962
20 0.3221571180555555 0.19779911747685183 0.2094907407407407 0.2633861400462963
19 0.4588252314814815 0.21666304976851852 0.22293113425925926 0.23767361111111107
41 0.6087745949074074 0.23127712673611112 0.2176215277777779 0.24688585069444446
22 0.7425202546296297 0.26647677951388893 0.2109375 0.22192563657407405
43 0.8711009837962962 0.3008861400462963 0.17120949074074096 0.16634476273148147
9 0.06928168402777778 0.4444010416666667 0.13856336805555555 0.1704137731481481
9 0.16655815972222224 0.45991572627314814 0.1449652777777778 0.16263744212962972
3 0.2533564814814815 0.4628345630787037 0.11831597222222223 0.17405237268518514
2 0.327271412037037 0.4687861689814815 0.12536168981481488 0.17217881944444446
1 0.3909649884259259 0.48781647858796295 0.0923177083333333 0.1415581597222222
4 0.45759548611111106 0.479273365162037 0.10898437500000006 0.18126808449074083
25 0.5470052083333333 0.5205765335648148 0.16695601851851846 0.13848379629629637
24 0.7324291087962962 0.5631908275462962 0.23274016203703715 0.1177445023148147
27 0.09772135416666666 0.6211226851851852 0.11495949074074074 0.13936993634259265
27 0.16513310185185184 0.6653573495370371 0.12235243055555552 0.12139756944444446
26 0.24709201388888888 0.6784830729166667 0.07965856481481486 0.09262152777777777
18 0.30514322916666664 0.6827926070601852 0.09276620370370374 0.09423104745370381
17 0.4349247685185185 0.7079318576388889 0.20733506944444446 0.10623914930555545
10 0.6229311342592593 0.7234573929398148 0.19940682870370363 0.10419921875000004
12 0.06161024305555555 0.812742332175926 0.09333043981481481 0.0708152488425926
14 0.13127170138888888 0.8025227864583333 0.09480613425925928 0.0957175925925926
15 0.20203993055555555 0.8230975115740741 0.08353587962962965 0.07021846064814818
11 0.27923177083333334 0.8122287326388888 0.09849537037037037 0.10307798032407423
13 0.3513382523148148 0.826710792824074 0.09024884259259262 0.0956669560185186
16 0.4225405092592592 0.8399612991898149 0.08577835648148142 0.0751229745370372
33 0.5880208333333333 0.872826244212963 0.24118923611111112 0.06269892939814814