21 0.10752008935546875 0.10647056901041667 0.13551339306640625 0.3508525130208333 0.1138821923828125 0.45013260611979167 0.24891840283203126 0.4498025794270833 0.26975446435546874 0.14210978841145833 0.10752008935546875 0.10647056901041667
20 0.3747296625976563 0.23545006640625 0.35437078369140623 0.1701117727864583 0.2691180556640625 0.151443783203125 0.25766641845703125 0.2889083997395833 0.2672095732421875 0.35424669335937503 0.25257663671875 0.45013260611979167 0.371548611328125 0.4645578704427083 0.362641369140625 0.34576124348958337 0.3747296625976563 0.23545006640625
19 0.46443551611328127 0.3517010579427083 0.486703125 0.211690806640625 0.39254340283203126 0.19981084635416668 0.36582266845703126 0.19132539713541666 0.3817279267578125 0.2685433203125 0.3747296625976563 0.356792328125 0.36645882958984377 0.40770535742187497 0.37600198388671874 0.4620122356770833 0.4652309028320312 0.46570800260416667 0.44662152783203124 0.3890373678385417 0.46443551611328127 0.3517010579427083
41 0.4631631943359375 0.36188359765625 0.45043898828125 0.4060082669270833 0.4695252978515625 0.4620122356770833 0.5484156748046874 0.46964947070312496 0.5401450893554688 0.4331617063802083 0.5781587299804688 0.23030919335937503 0.4854305556640625 0.20490211653645832 0.4631631943359375 0.36188359765625
22 0.6094923115234375 0.21763062174479167 0.5490518354492188 0.208296626953125 0.5471433530273437 0.21847916666666667 0.57704538671875 0.23205588606770833 0.5433261411132813 0.43146461653645835 0.5484156748046874 0.4704976848958333 0.6470287700195313 0.4781349205729167 0.6381217758789063 0.35509523828125 0.6704094741210938 0.23879199739583334 0.6094923115234375 0.21763062174479167
43 0.6554585815429688 0.2999398151041667 0.642734375 0.41194808203125 0.647187748046875 0.47558928580729165 0.6910865576171875 0.48237764518229165 0.71812549609375 0.3098356484375 0.6554585815429688 0.2999398151041667
9 0.13996676611328124 0.6588095240885417 0.13996676611328124 0.7436643515625 0.150782490234375 0.7597867063802083 0.21249528759765626 0.7487556217447917 0.21249528759765626 0.562923611328125 0.1386944443359375 0.56886342578125 0.13996676611328124 0.6588095240885417
9 0.220765873046875 0.56207506640625 0.22012971240234375 0.7538468912760417 0.28120634912109377 0.7496041666666667 0.2920218251953125 0.6299589947916667 0.2862958828125 0.5643210976562499 0.220765873046875 0.56207506640625
3 0.29774776806640624 0.5459527115885416 0.28693204345703127 0.7479070768229167 0.33655679541015626 0.7470585319010418 0.3480086806640625 0.5451041666666666 0.29774776806640624 0.5459527115885416
2 0.33655679541015626 0.7487556217447917 0.3880900297851563 0.7445128971354166 0.400814236328125 0.5748032408854167 0.3817279267578125 0.533224537109375 0.36502728173828125 0.5388723548177083 0.3441912202148438 0.5824401451822917 0.33655679541015626 0.7487556217447917
1 0.39890575390625 0.6121392194010417 0.3861812998046875 0.7436643515625 0.4249903271484375 0.7445128971354166 0.43516989111328125 0.6112906744791667 0.433420138671875 0.5738640872395834 0.4097212299804687 0.5739546959635417 0.39890575390625 0.6121392194010417
4 0.4358060517578125 0.5824401451822917 0.4268990576171875 0.7368759921875 0.46698040673828123 0.7368759921875 0.486703125 0.6061994049479167 0.47843229150390626 0.5578323411458334 0.48034102197265627 0.529830357421875 0.45807341259765627 0.53145006640625 0.4358060517578125 0.5824401451822917
25 0.486703125 0.5892285052083334 0.4720701884765625 0.7224507272135416 0.5051532739257812 0.736027447265625 0.5325104165039063 0.7241478177083334 0.5574816469726562 0.5918902115885417 0.486703125 0.5892285052083334
24 0.5503244047851562 0.6460813489583334 0.5388725200195312 0.6935998678385417 0.5388725200195312 0.7385730820312499 0.6527547124023437 0.7224507272135416 0.6322368549804688 0.6279424602864584 0.5503244047851562 0.6460813489583334
27 0.1452876767578125 1 0.2004072421875 0.9964656087239584 0.204860615234375 0.808087962890625 0.1359905751953125 0.8135046295572916 0.13424769091796876 1 0.1452876767578125 1
27 0.20549677587890625 0.9905257936197917 0.26848189501953124 0.9803432539062501 0.271185763671875 0.8325909394531249 0.207405505859375 0.841181216796875 0.20549677587890625 0.9905257936197917
26 0.2716629462890625 0.9073680553385417 0.27229935498046876 0.9718578040364583 0.3161979165039063 0.9684636243489583 0.3168340771484375 0.8666378971354166 0.2837509921875 0.8666378971354166 0.2716629462890625 0.9073680553385417
18 0.32955853173828126 0.9684636243489583 0.38109176611328127 0.9599781744791667 0.38936235107421874 0.8471213626302084 0.33528422607421876 0.85730390234375 0.32955853173828126 0.9684636243489583
17 0.3919072421875 0.8445757272135417 0.3880900297851563 0.9514927246093751 0.5051532739257812 0.9413101848958334 0.49306522802734376 0.8378925266927083 0.44789409716796874 0.8725777115885417 0.3919072421875 0.8445757272135417
10 0.5445984624023438 0.8428786373697917 0.4924290673828125 0.8301501321614584 0.5019722221679688 0.89548842578125 0.4968824404296875 0.9387645501302083 0.6088559028320313 0.9167020501302083 0.5813397817382813 0.8198667330729167 0.5445984624023438 0.8428786373697917