5 0.17996419270833333 0.18600260416666667 0.10491536458333334 0.3490017361111111
8 0.2474735966435185 0.21317274305555553 0.08774956597222222 0.3338107638888889
8 0.3111328125 0.22990451388888888 0.08191189236111107 0.3371961805555556
7 0.36467918113425923 0.2643012152777778 0.062062355324074 0.27816840277777777
7 0.4120279947916667 0.2711154513888889 0.0644748263888889 0.27317708333333335
6 0.4783745659722223 0.2877604166666667 0.10261863425925921 0.2869791666666666
6 0.5998806423611112 0.3562065972222222 0.16322699652777795 0.21558159722222228
0 0.1456470630787037 0.5594401041666667 0.04462167245370369 0.12565104166666666
42 0.1877911603009259 0.5358289930555555 0.051652922453703676 0.16141493055555559
32 0.2552553530092593 0.5271701388888889 0.10851056134259252 0.20551215277777768
31 0.347316261574074 0.5317708333333333 0.09830005787037033 0.21241319444444443
31 0.430052806712963 0.5440104166666667 0.07968026620370372 0.1990451388888889
28 0.4864384403935185 0.5949435763888888 0.05776186342592593 0.11901041666666679
29 0.5379448784722223 0.6008246527777777 0.04847728587962963 0.11688368055555554
30 0.5894241898148148 0.6115885416666668 0.05237991898148153 0.11657986111111107
23 0.17528211805555555 0.7649739583333334 0.1284469039351852 0.1923177083333334
35 0.28998661747685184 0.7826605902777777 0.11557436342592597 0.15928819444444464
36 0.39694914641203705 0.7869574652777778 0.10182653356481475 0.14440104166666679
34 0.5266294126157407 0.7909939236111111 0.15548321759259265 0.13940972222222214
40 0.27873625578703703 0.9570746527777777 0.0976417824074074 0.08585069444444453
37 0.373046875 0.9418511284722223 0.09988064236111116 0.11629774305555547
38 0.48481987847222224 0.9496310763888888 0.12723524305555556 0.10073784722222238