21 0.13798285590277776 0.2917751736111111 0.13535156250000002 0.2708236882716049
20 0.23887261284722222 0.3184919945987654 0.1162109375 0.2647762345679013
19 0.32963324652777776 0.352271412037037 0.11392144097222223 0.24457465277777782
41 0.42948676215277776 0.36790846836419755 0.11762152777777779 0.2615354938271605
22 0.5343587239583334 0.39010657793209874 0.12476128472222214 0.27983217592592596
43 0.6172146267361112 0.4439935378086419 0.07880859374999982 0.18824749228395068
9 0.12278103298611111 0.5738980516975308 0.08575303819444444 0.1655333719135803
9 0.184814453125 0.5878592785493827 0.0715277777777778 0.16148726851851838
3 0.23584526909722223 0.6026885609567901 0.057888454861111105 0.1633053626543209
2 0.27852647569444444 0.605714699074074 0.05838758680555556 0.16396122685185185
1 0.31520182291666665 0.6321228780864198 0.05120442708333339 0.14306037808641983
4 0.35749240451388886 0.6292848186728396 0.06569010416666665 0.19202353395061733
25 0.4142795138888889 0.6650077160493827 0.08383246527777777 0.13817515432098748
24 0.46411788134765625 0.6489983554687501 0.44277100634765626 0.74414676171875 0.5724162119140624 0.7741671510416667 0.5779909106445312 0.6804482102864583 0.46411788134765625 0.6489983554687501
27 0.10060753515625 0.6881124205729167 0.10281951123046874 0.8168965468749999 0.14735264306640625 0.83077063671875 0.1452675595703125 0.7024994361979168 0.10060753515625 0.6881124205729167
27 0.18209092881944444 0.7805724344135804 0.06357421875000002 0.12365451388888893
26 0.22413736979166665 0.807033661265432 0.042013888888888906 0.08959297839506182
18 0.2757703993055556 0.8296826774691358 0.05131293402777781 0.09098668981481477
17 0.36532118055555557 0.8481481481481481 0.1069118923611111 0.11692226080246915
10 0.42726223974609373 0.8219616334635417 0.4115088862304688 0.9044518203125 0.52543930078125 0.9441121048177084 0.5250541684570312 0.8560700572916667 0.42726223974609373 0.8219616334635417
12 0.13924153645833331 0.9194950810185185 0.05067274305555558 0.05257523148148143
14 0.18098958333333331 0.9199074074074073 0.04063585069444442 0.0654947916666669
15 0.22317708333333333 0.9379050925925926 0.04130859375000001 0.04727527006172849
11 0.2653374565972222 0.9428795331790124 0.04827473958333339 0.055155285493827165
13 0.30803493923611114 0.9449291087962962 0.04505208333333344 0.06684027777777797
16 0.34578450520833337 0.9654875578703704 0.040711805555555536 0.040760030864197695