5 0.05702492042824074 0.2888720100308642 0.11404984085648148 0.3573157793209876
8 0.12431278935185186 0.31062644675925927 0.10760995370370369 0.3183304398148148
8 0.1838722511574074 0.30396894290123455 0.10235460069444446 0.32056327160493825
7 0.24134114583333333 0.3223090277777778 0.09734881365740744 0.2955536265432099
7 0.2988896122685185 0.3168185763888889 0.09953342013888888 0.30089699074074067
6 0.3990541811342593 0.2946831597222222 0.18272931134259252 0.3546778549382716
6 0.5957085503472221 0.33309461805555557 0.25563874421296306 0.3084442515432098
0 0.10408166956018519 0.6501157407407407 0.049927662037037024 0.11573591820987665
42 0.14099934895833333 0.6239342206790123 0.06243489583333334 0.15619212962962958
32 0.20495334201388887 0.6175805362654322 0.10567491319444444 0.1981240354938271
31 0.3013382523148148 0.6033468364197531 0.11685836226851853 0.23070023148148153
31 0.3917570891203704 0.6076388888888888 0.1034758391203704 0.23626543209876547
28 0.47365813078703706 0.6603202160493827 0.08728298611111118 0.16764564043209873
29 0.5456380208333333 0.6607253086419753 0.08613642939814814 0.1747058256172839
30 0.6239203559027777 0.6680965470679013 0.09788773148148167 0.18720100308641965
23 0.1173306171875 0.7581694928385416 0.1256641005859375 0.9224141347656251 0.2085740361328125 0.9393780279947918 0.20471091015625 0.7639352519531251 0.1173306171875 0.7581694928385416
35 0.2169675302734375 0.7889977558593749 0.22300182666015625 0.9356581796875 0.3109396137695313 0.949109744140625 0.3173539921875 0.8127391634114584 0.2169675302734375 0.7889977558593749
36 0.32806825537109374 0.8061382089843749 0.33146955419921875 0.9443412044270834 0.43863146240234374 0.9655840208333334 0.447856794921875 0.8278094127604166 0.32806825537109374 0.8061382089843749
34 0.6809455678710937 1 0.7049380190429687 0.8573862324218751 0.4602476064453125 0.8175522109375 0.4569977084960937 0.9614769661458333 0.6565280961914063 1 0.6809455678710937 1
39 0.18801359953703703 0.9833236882716049 0.11140046296296297 0.03335262345679032
40 0.2920464409722222 0.9863353587962962 0.10755208333333333 0.027329282407407618
37 0.39692744502314814 0.9866584683641975 0.11028284143518519 0.02668306327160508