5 0.03470413773148148 0.33490547839506174 0.06940827546296297 0.3586130401234568
8 0.07515010127314814 0.3414520640432099 0.11574074074074076 0.3244502314814815
8 0.1426323784722222 0.32491801697530864 0.12492766203703703 0.32183641975308636
7 0.20805302372685186 0.3297670717592593 0.09848813657407407 0.2823206018518518
7 0.2597294560185185 0.31866319444444446 0.10100188078703698 0.28509355709876544
6 0.3608669704861111 0.27934268904320986 0.1869755497685185 0.3274257330246913
6 0.5382486979166667 0.2779079861111111 0.23274739583333348 0.29095293209876544
0 0.07965313946759259 0.7076991705246914 0.06298828125 0.12716531635802455
42 0.12006293402777778 0.6707031249999998 0.07081886574074073 0.1634452160493828
32 0.18880208333333331 0.6441454475308642 0.12514467592592593 0.20683834876543225
31 0.28818540219907407 0.6063343942901235 0.1377133969907407 0.2382474922839505
31 0.37970196759259256 0.5875482253086419 0.1113462094907407 0.23642457561728403
28 0.4605305989583333 0.6189019097222223 0.08552155671296291 0.14886670524691356
29 0.5259693287037037 0.6054880401234568 0.0835503472222221 0.14808063271604924
30 0.5953595196759259 0.5907166280864198 0.08700448495370372 0.14961902006172836
23 0.16322157118055555 0.8957031249999999 0.14469401041666669 0.20859375000000005
36 0.40669307002314814 0.8663122106481481 0.1552915219907407 0.22191840277777786
34 0.5840657552083333 0.8299792631172839 0.25649233217592604 0.26855227623456795
37 0.4372829861111111 0.9887032214506174 0.11469184027777779 0.022593557098765277
38 0.5799153645833333 0.9731553819444444 0.16948784722222232 0.05368923611111113
35 0.28133138020833337 0.8883029513888889 0.14957682291666674 0.20917727623456805