21 0.08447265625 0.2864583333333333 0.07763671875 0.2571614583333333
20 0.173828125 0.3014322916666667 0.0654296875 0.25390625
19 0.2451171875 0.3255208333333333 0.06396484375 0.24088541666666666
41 0.3369140625 0.32421875 0.0751953125 0.267578125
22 0.45703125 0.3359375 0.09375 0.291015625
43 0.54345703125 0.38671875 0.064453125 0.20703125
9 0.076171875 0.58203125 0.05322265625 0.15755208333333334
9 0.1279296875 0.5950520833333334 0.0439453125 0.16796875
3 0.17333984375 0.5970052083333334 0.03076171875 0.18098958333333334
2 0.21142578125 0.6048177083333334 0.0380859375 0.19401041666666666
1 0.2509765625 0.630859375 0.0380859375 0.16536458333333334
4 0.2939453125 0.62109375 0.04736328125 0.2109375
25 0.3564453125 0.6647135416666666 0.06982421875 0.158203125
24 0.5315977182617188 0.7899923938802084 0.541812251953125 0.6890542330729167 0.41178621044921876 0.6642106484375 0.38654737109375 0.7496058203125 0.5315977182617188 0.7899923938802084
27 0.11417460302734375 0.8641547617187499 0.1021083828125 0.71578174609375 0.06521676611328125 0.7034017858072916 0.07942038671875 0.85146924609375 0.11417460302734375 0.8641547617187499
27 0.1357421875 0.814453125 0.04736328125 0.126953125
26 0.18701171875 0.8424479166666666 0.03662109375 0.10091145833333333
18 0.2314453125 0.8684895833333334 0.03759765625 0.10221354166666667
17 0.36978521826171873 0.9694556881510418 0.3856795634765625 0.881604828125 0.292843501953125 0.829724537109375 0.26459747021484376 0.9174193118489583 0.36978521826171873 0.9694556881510418
10 0.51247276171875 1 0.51717038671875 0.9068799602864583 0.40358060498046877 0.8723786373697916 0.3760076884765625 0.97080092578125 0.449677857421875 1 0.51247276171875 1
12 0.1171875 0.98046875 0.041015625 0.0390625
14 0.15771484375 0.9762369791666666 0.0361328125 0.047526041666666664
15 0.19677734375 0.9886067708333334 0.037109375 0.022786458333333332