5 0.10515873095703125 0.058531569010416666 0.0622198466796875 0.047851373046875 0.0515026240234375 0.3662427109375 0.10549407177734375 0.37886512109375 0.10625461865234374 0.37470361653645834 0.10515873095703125 0.058531569010416666
8 0.15810233056640624 0.39820570768229163 0.1680178935546875 0.11281512044270835 0.1143800830078125 0.10663317773437499 0.106918580078125 0.3930909251302083 0.15810233056640624 0.39820570768229163
8 0.23085955126953125 0.13288048111979167 0.17158294921875 0.12606001888020832 0.1597148701171875 0.41262132486979164 0.2110882685546875 0.427076326171875 0.23085955126953125 0.13288048111979167
7 0.231129896484375 0.17431316861979165 0.2139741630859375 0.4285248509114583 0.25615574169921873 0.44656212434895837 0.28026163818359373 0.1831217734375 0.231129896484375 0.17431316861979165
7 0.2835102895507812 0.19017504557291667 0.25960767041015625 0.4483254479166667 0.31245110693359374 0.4620589869791667 0.33303222607421873 0.19827054361979168 0.2835102895507812 0.19017504557291667
6 0.3145171015625 0.4826163756510417 0.44098710009765624 0.494439189453125 0.5050933696289063 0.20246668294270834 0.3482074013671875 0.18039718164062502 0.3145171015625 0.4826163756510417
6 0.49620876904296873 0.29964832486979165 0.4418360673828125 0.5161286725260417 0.640813193359375 0.6155099830729166 0.7080225634765624 0.36835491276041665 0.49620876904296873 0.29964832486979165
0 0.07236755517578125 0.49974650130208337 0.070788126953125 0.5920551666666667 0.0950835390625 0.593251630859375 0.0913337431640625 0.5036645345052083 0.07236755517578125 0.49974650130208337
42 0.1013539599609375 0.47195970963541667 0.09812148583984374 0.5960696979166666 0.137281068359375 0.607539630859375 0.13361329150390625 0.46864010546874996 0.1013539599609375 0.47195970963541667
32 0.14611880126953125 0.46759732812500004 0.13461506689453126 0.6134587076822916 0.19736341796875 0.638297990234375 0.21414725244140626 0.5026003072916666 0.14611880126953125 0.46759732812500004
31 0.23245942041015624 0.484207654296875 0.2141233857421875 0.647674998046875 0.2844400634765625 0.6795627220052083 0.30641030029296873 0.5136737923177083 0.23245942041015624 0.484207654296875
31 0.32416989306640626 0.524761845703125 0.2976193974609375 0.6890177688802083 0.36517206005859376 0.72512214453125 0.40952012548828126 0.5605872408854167 0.32416989306640626 0.524761845703125
28 0.38810387890625 0.6152496184895834 0.3650414169921875 0.7538464583333333 0.42394596728515627 0.7806911178385416 0.452031029296875 0.6504862174479167 0.38810387890625 0.6152496184895834
29 0.45296810546875 0.6546311985677084 0.4290042290039062 0.77557844921875 0.49257422509765625 0.80660925 0.519322390625 0.683450470703125 0.45296810546875 0.6546311985677084
30 0.5205543715820312 0.69019465625 0.49260307275390625 0.82099167578125 0.5552916953125 0.864140923828125 0.587121146484375 0.7245808268229167 0.5205543715820312 0.69019465625
34 0.5757730380859375 1 0.5864918251953125 0.9712841666666666 0.3702170419921875 0.8496771197916666 0.35104671826171874 0.9501980709635417 0.40638416943359373 0.9887829576822916 0.4593757490234375 1 0.5757730380859375 1
36 0.253339630859375 0.7805649733072917 0.24102145751953125 0.8934389108072917 0.34200029296875 0.9515495292968751 0.35890363671875 0.8392733125 0.253339630859375 0.7805649733072917
35 0.149537513671875 0.7266188600260417 0.14943945849609375 0.8364367695312499 0.23302451416015624 0.89199818359375 0.2445315703125 0.7774524316406249 0.149537513671875 0.7266188600260417
23 0.14133011181640626 0.8355655852864583 0.1547040634765625 0.6803560162760417 0.084497529296875 0.641535009765625 0.067598986328125 0.7862289322916666 0.14133011181640626 0.8355655852864583
39 0.06608041845703125 0.8628247239583334 0.0694254619140625 0.9174569075520833 0.13541821826171874 0.9314259856770833 0.13491541796875 0.9154498268229166 0.06608041845703125 0.8628247239583334