21 0.09552589699074074 0.3684968171296297 0.14699797453703706 0.3113136574074075
20 0.21747142650462964 0.3589578510802469 0.134740306712963 0.30663580246913585
19 0.31515299479166664 0.3576437114197531 0.13213975694444446 0.2922887731481481
41 0.4225802951388889 0.33624131944444446 0.1523980034722222 0.31397087191358014
22 0.5439561631944444 0.31204668209876546 0.15547236689814814 0.3270206404320987
43 0.6554832175925926 0.3391927083333333 0.1055374710648147 0.226929012345679
9 0.1260814525462963 0.6950062692901234 0.10383391203703701 0.20543016975308634
9 0.19773763020833335 0.684645061728395 0.09119646990740737 0.21051311728395058
3 0.25690285011574077 0.6777416087962963 0.07412832754629628 0.21229745370370376
2 0.3048629195601852 0.6684485918209876 0.0776186342592593 0.2188416280864199
1 0.35623191550925926 0.6819782021604938 0.06643518518518521 0.17902199074074066
4 0.4009693287037037 0.6550733024691359 0.07970196759259252 0.23057966820987655
25 0.4764069733796296 0.6779562114197532 0.1035083912037037 0.17613329475308634
24 0.5244320131835938 0.6586600872395834 0.5278422456054688 0.7628709798177084 0.67871862890625 0.7471890240885416 0.6563366635742187 0.6395605436197916 0.5244320131835938 0.6586600872395834
27 0.20124818212890624 1 0.1721628115234375 0.839469330078125 0.12386448974609375 0.8451935247395833 0.1536298623046875 1 0.20124818212890624 1
27 0.191343107421875 0.8731260481770833 0.21163068505859375 0.9979572617187501 0.2610841586914063 0.9978001263020834 0.23920978759765624 0.8683087057291666 0.191343107421875 0.8731260481770833
26 0.2872233072916667 0.9358904803240741 0.06200086805555549 0.12821903935185178
18 0.3502405237268519 0.9345582561728395 0.0683629918981481 0.13088348765432092
17 0.4548412181712963 0.9249457465277778 0.14964192708333335 0.15010850694444441
10 0.64677239453125 0.9750238743489583 0.6625532319335937 0.971101052734375 0.6379000751953126 0.866954509765625 0.5230587978515625 0.8826210403645834 0.5304327797851562 0.9811544505208333 0.64677239453125 0.9750238743489583