5 0.1281055615234375 0.00253048046875 0.1003628388671875 0.062415095703125 0.0792596611328125 0.28132576692708333 0.12871490283203124 0.29824956705729166 0.15523851513671874 0.005624084635416666 0.1469765498046875 0.002903240234375 0.1281055615234375 0.00253048046875
8 0.169596 0.06601670442708334 0.14719681640625 0.088073423828125 0.127248345703125 0.29840652083333336 0.16880564111328125 0.3165684993489583 0.19859341796875 0.09731851171875 0.19727198779296876 0.05145569205729167 0.17034847265625 0.042579416015625 0.169596 0.06601670442708334
8 0.2445968623046875 0.06447882747395833 0.2165487197265625 0.05459343229166667 0.21556082958984374 0.081151388671875 0.1957749833984375 0.09703033658854167 0.1697067333984375 0.31686519921875 0.2166796474609375 0.33425133593749995 0.24701679736328125 0.11966112760416665 0.240116552734375 0.090516451171875 0.2445968623046875 0.06447882747395833
7 0.28832648876953126 0.10894939778645833 0.2617999013671875 0.09987519466145833 0.26065842626953123 0.120953654296875 0.24573906689453126 0.13139705924479167 0.21725303759765624 0.3312409264322917 0.2597192895507813 0.347143169921875 0.2891148173828125 0.145039404296875 0.28182232421875 0.13304095052083334 0.28832648876953126 0.10894939778645833
7 0.33262776953125 0.11521873307291668 0.3071699892578125 0.10681893229166667 0.305164865234375 0.13368861393229167 0.28789370947265625 0.13887876171875 0.2598099501953125 0.35421127734375 0.30666794580078127 0.372199416015625 0.338455380859375 0.16256528776041665 0.327008666015625 0.14472009700520833 0.33262776953125 0.11521873307291668
6 0.3669729091796875 0.09581573502604167 0.33766080029296874 0.16422318294270835 0.30824918017578123 0.37144038151041664 0.4227107080078125 0.4091287408854167 0.44721746728515627 0.25532153255208334 0.47692350048828125 0.20495900846354168 0.5034044926757812 0.211758791015625 0.49654286328125 0.13463974674479165 0.3669729091796875 0.09581573502604167
6 0.4535685244140625 0.24397639518229167 0.4158225283203125 0.4119790826822917 0.6222720126953125 0.4972313821614583 0.6735191469726562 0.25143151236979167 0.6591456904296875 0.24832315625 0.4773762080078125 0.20446822916666665 0.4535685244140625 0.24397639518229167
0 0.082861328125 0.4646797839506173 0.05003255208333335 0.10251736111111114
42 0.11958550347222222 0.4592182677469136 0.05801866319444443 0.14237557870370368
32 0.17581380208333333 0.47042341820987654 0.1122721354166667 0.20527584876543203
31 0.25603298611111114 0.4928481867283951 0.11955295138888888 0.23210358796296301
31 0.3186413369140625 0.4080230188802083 0.274575244140625 0.6098352063802083 0.339394138671875 0.6542118548177084 0.3628704697265625 0.5410145286458333 0.40455314794921876 0.44788811588541666 0.3186413369140625 0.4080230188802083
28 0.3828450520833333 0.6063922646604939 0.08753255208333344 0.1559751157407406
29 0.44415147569444446 0.6352816358024692 0.08962673611111116 0.16447723765432087
30 0.5077962239583333 0.6704041280864198 0.09366319444444438 0.1723668981481481
23 0.1300147978515625 0.6453143118489583 0.15135594580078124 0.6011552916666667 0.075787908203125 0.5616495631510416 0.0393434560546875 0.7165521627604167 0.11145508447265624 0.77292734375 0.1300147978515625 0.6453143118489583
35 0.22335463232421876 0.6933233795572917 0.1307107314453125 0.6391453860677083 0.11551096044921876 0.77426280859375 0.2075893974609375 0.8288944544270834 0.22335463232421876 0.6933233795572917
36 0.33931675537109374 0.7558194680989584 0.22923341796875 0.6920018483072917 0.2017229306640625 0.8295221888020833 0.30918952001953126 0.9039366510416667 0.33931675537109374 0.7558194680989584
34 0.5253041313476563 1 0.557190671875 0.9017779720052084 0.34068650390625 0.7542847532552083 0.3054697529296875 0.903351697265625 0.44603971533203124 1 0.5253041313476563 1
39 0.03100173583984375 0.7930339186197917 0.02376359912109375 0.8717798033854166 0.106283068359375 0.8989507096354167 0.10949625634765625 0.8712120872395833 0.03100173583984375 0.7930339186197917