21 0.24103422607421876 0.4474146822916667 0.26065401806640626 0.1499183203125 0.1020074404296875 0.12143749999999999 0.1428740078125 0.4437652115885417 0.24103422607421876 0.4474146822916667
20 0.35937872021484374 0.45246825390624995 0.3744446923828125 0.18073941796875 0.2671622021484375 0.16353571419270832 0.24851016845703125 0.44342989388020837 0.35937872021484374 0.45246825390624995
19 0.4648348212890625 0.46286640234375004 0.4750716767578125 0.20355324088541668 0.3837423115234375 0.1910615078125 0.3688993056640625 0.45567493359375 0.4648348212890625 0.46286640234375004
41 0.5476780751953125 0.465826388671875 0.5805039682617188 0.22188888867187498 0.4833209326171875 0.19915740755208333 0.46870560498046876 0.4572751321614583 0.5476780751953125 0.465826388671875
22 0.6616440971679688 0.47008928580729165 0.6804290673828125 0.22236342578125 0.5962576884765625 0.207253306640625 0.5486505454101562 0.460431216796875 0.6616440971679688 0.47008928580729165
43 0.7113338295898437 0.4721448411458333 0.73807862109375 0.2972939817708333 0.6788350693359375 0.296307208984375 0.6566775795898437 0.465826388671875 0.7113338295898437 0.4721448411458333
9 0.1650390625 0.6536458333333334 0.0654296875 0.193359375
9 0.24609375 0.65625 0.06640625 0.18229166666666666
3 0.30859375 0.6490885416666666 0.04638671875 0.197265625
2 0.36083984375 0.64453125 0.04638671875 0.20052083333333334
1 0.40869140625 0.66015625 0.03466796875 0.1640625
4 0.45703125 0.6354166666666666 0.04150390625 0.208984375
25 0.51708984375 0.6692708333333334 0.072265625 0.150390625
24 0.61181640625 0.6946614583333334 0.10400390625 0.09375
27 0.16455078125 0.900390625 0.05908203125 0.17838541666666666
27 0.23583984375 0.908203125 0.056640625 0.134765625
26 0.29345703125 0.9095052083333334 0.03759765625 0.119140625
18 0.3623046875 0.912109375 0.04443359375 0.10481770833333333
17 0.44970703125 0.9049479166666666 0.10693359375 0.09635416666666667
10 0.5634765625 0.8951822916666666 0.10888671875 0.08919270833333333