21 0.09581163194444445 0.28427372685185187 0.17996961805555556 0.3375675154320988
20 0.2275264033564815 0.3047887731481482 0.13891782407407405 0.3143856095679012
19 0.33585611979166663 0.3403790509259259 0.13411458333333326 0.29416473765432105
41 0.4525969328703704 0.3460913387345679 0.1382523148148147 0.299411651234568
22 0.5831940827546296 0.35877941743827163 0.1494827835648147 0.2995225694444444
43 0.6728135850694444 0.4306592399691358 0.08772424768518516 0.1947916666666667
9 0.0709544994212963 0.6292317708333334 0.09745732060185186 0.1831741898148147
9 0.14904513888888887 0.6472632137345679 0.08085575810185186 0.18301022376543216
3 0.21816587094907408 0.6472945601851853 0.06862340856481486 0.19330150462962958
2 0.2698929398148148 0.6539930555555555 0.07089482060185182 0.20048225308641973
1 0.31689091435185185 0.6736713927469135 0.059971788194444486 0.17434413580246932
4 0.36832139756944443 0.6650607638888889 0.059205005787037024 0.20101755401234586
25 0.4316876446759259 0.6956476658950618 0.09336660879629632 0.14604070216049378
24 0.5423556857638889 0.7390769675925926 0.1435908564814814 0.11204668209876563
27 0.0763111255787037 0.8494333526234567 0.07604890046296298 0.1517264660493828
27 0.13844581886574076 0.8692611882716049 0.06889105902777781 0.1334346064814813
26 0.19594184027777778 0.8890432098765432 0.046849681712963 0.09872685185185166
18 0.259400318287037 0.9010681905864198 0.04972149884259258 0.0974537037037037
17 0.36031358506944444 0.9111834490740741 0.1186595775462963 0.11114969135802462
10 0.4849934895833333 0.9251157407407407 0.1289134837962964 0.11125096450617278