21 0.26624009521484376 0.15926090950520833 0.0918495830078125 0.14139628971354165 0.1034932431640625 0.5226458951822917 0.22799188671875 0.5083000937500001 0.26624009521484376 0.15926090950520833
20 0.3857642099609375 0.18037789713541666 0.26769919140625 0.16834605729166666 0.2563919047851563 0.49756361979166663 0.36321608251953125 0.5013467135416666 0.3857642099609375 0.18037789713541666
19 0.3877660341796875 0.20004710351562502 0.3779732983398438 0.48787219726562503 0.4694387705078125 0.4879624381510417 0.45896653515625 0.4096726712239583 0.5139546982421875 0.21116523242187502 0.3877660341796875 0.20004710351562502
41 0.6061066567382812 0.21049606119791667 0.5157176010742187 0.19312441145833334 0.471325857421875 0.4758883776041667 0.5510362270507813 0.472578697265625 0.6061066567382812 0.21049606119791667
22 0.6080612529296875 0.18636549479166667 0.5582428916015625 0.461751716796875 0.6510810913085937 0.46032311328125 0.653906939453125 0.35947401236979165 0.70426443359375 0.21031453776041667 0.6080612529296875 0.18636549479166667
43 0.7438456811523437 0.285789650390625 0.6845480385742188 0.27626564322916664 0.654614595703125 0.45196060677083333 0.6937741948242188 0.45143469140625 0.7438456811523437 0.285789650390625
9 0.1886668857421875 0.6826466321614584 0.1156457373046875 0.6744474596354166 0.1277592099609375 0.8221677617187501 0.17659819677734376 0.8082875787760417 0.1886668857421875 0.6826466321614584
9 0.270513154296875 0.673145791015625 0.2063237919921875 0.66057751953125 0.21300390185546875 0.7984964003906251 0.25370298095703125 0.7839549589843751 0.270513154296875 0.673145791015625
3 0.3360774580078125 0.6266315182291667 0.2924136396484375 0.6155475416666667 0.27338104345703124 0.7711062773437499 0.3164960244140625 0.7695081647135417 0.3360774580078125 0.6266315182291667
2 0.3903734379882812 0.6208423893229167 0.33847995849609375 0.61291834765625 0.321773048828125 0.7614385247395834 0.367482068359375 0.7592012259114583 0.3903734379882812 0.6208423893229167
1 0.42991115380859374 0.6351002317708333 0.39103369580078123 0.6309867578125 0.3713284252929687 0.7586637226562499 0.408002517578125 0.7522939153645832 0.42991115380859374 0.6351002317708333
4 0.4816124248046875 0.6180528763020833 0.4294930834960938 0.5958906549479167 0.413011119140625 0.7408032356770833 0.45057994970703125 0.7379049876302083 0.4816124248046875 0.6180528763020833
25 0.5496829501953125 0.6014851588541666 0.4846173310546875 0.6046132356770834 0.4585402041015625 0.7224049127604166 0.50550175390625 0.7262179934895833 0.5496829501953125 0.6014851588541666
24 0.5241019296875 0.7309681966145832 0.6344870048828125 0.69505063671875 0.6165023208007813 0.6026615546874999 0.5419920688476563 0.6323033736979167 0.5241019296875 0.7309681966145832
27 0.1142167783203125 0.8813491158854166 0.112679384765625 0.94393735546875 0.17066891259765626 0.9486458606770833 0.17472326123046875 0.8676214615885417 0.1142167783203125 0.8813491158854166
27 0.18566600048828125 0.892458646484375 0.1832889814453125 0.9496705579427083 0.23611175732421874 0.953959544921875 0.24234814453125 0.87906099609375 0.18566600048828125 0.892458646484375
26 0.24701184326171874 0.9548445859375 0.2822836806640625 0.9577085110677084 0.28617944677734375 0.8945172701822917 0.255995638671875 0.8917995319010417 0.242887703125 0.9334923912760417 0.24701184326171874 0.9548445859375
18 0.360242716796875 0.8690878815104166 0.3220750576171875 0.8791172460937501 0.3109607661132813 0.958564962890625 0.3457560815429688 0.9460935944010417 0.360242716796875 0.8690878815104166
17 0.3646702924804687 0.8348024108072917 0.36346663330078127 0.9339349700520834 0.46740577294921876 0.9007339739583333 0.45899264892578123 0.8133707858072916 0.418742173828125 0.8534426549479166 0.3646702924804687 0.8348024108072917
10 0.46194303857421876 0.8034202747395834 0.47090110791015627 0.9035045625000001 0.569204447265625 0.8638976171875 0.54594231640625 0.7736291289062499 0.5090907573242187 0.8054788639322917 0.46194303857421876 0.8034202747395834