21 0.2924160546875 0.10729322786458334 0.13103471337890624 0.06455160807291667 0.15301858349609376 0.31019422981770833 0.12894118017578124 0.40854269596354165 0.2640054462890625 0.41411994335937496 0.2924160546875 0.10729322786458334
20 0.3862906708984375 0.4342420188802083 0.38030537109375 0.3150381966145833 0.39510990283203123 0.20523955208333333 0.37635581396484374 0.13900098958333332 0.2915498681640625 0.116600759765625 0.27671391552734376 0.25358470377604164 0.28465068359375 0.31935011979166666 0.2676560991210937 0.41461005208333335 0.3862906708984375 0.4342420188802083
19 0.40129486669921877 0.23864383854166668 0.39212400439453127 0.32659972656249997 0.38259912109375 0.37715845442708335 0.390807341796875 0.4318908268229167 0.479958490234375 0.43949056640625 0.463233021484375 0.3619945234375 0.4819683828125 0.32543199609375 0.507684544921875 0.18637519986979167 0.413803255859375 0.17037435481770835 0.3872873803710937 0.16071872200520834 0.40129486669921877 0.23864383854166668
41 0.48044530908203126 0.33556038020833334 0.4666334379882813 0.37913492708333335 0.48434446240234375 0.43598211653645835 0.5630585537109375 0.44707163411458334 0.5556846108398438 0.41021667643229165 0.5986955043945312 0.20899717122395833 0.5065788393554688 0.17952983723958335 0.48044530908203126 0.33556038020833334
22 0.563037681640625 0.44791997395833333 0.6614774033203125 0.45987228645833333 0.6555967612304687 0.33642479296875 0.6907511284179687 0.22151684765625002 0.6303456962890625 0.197687453125 0.5701259809570313 0.18570803841145833 0.5679666528320313 0.19580859244791668 0.5975390151367187 0.21069541731770833 0.5589078930664062 0.4086584954427083 0.563037681640625 0.44791997395833333
43 0.736726005859375 0.294658380859375 0.674293349609375 0.2820196477864583 0.6588110498046875 0.3934878131510417 0.6616990454101562 0.45733322981770835 0.7054372924804687 0.466042998046875 0.736726005859375 0.294658380859375
9 0.15822719189453124 0.7198567565104167 0.2202205439453125 0.7115237441406249 0.224793357421875 0.5256643007812499 0.15083545703125 0.5283764850260416 0.1498946416015625 0.6183915208333334 0.14780659765625 0.703258875 0.15822719189453124 0.7198567565104167
9 0.29857045947265626 0.530290490234375 0.23308604443359374 0.5251774375 0.2277308134765625 0.7169497428385417 0.28892086865234373 0.7153782630208334 0.3026820791015625 0.5961885651041666 0.29857045947265626 0.530290490234375
3 0.344342126953125 0.7152536243489583 0.3607652431640625 0.5137704225260417 0.3104760302734375 0.5124203684895833 0.2946891689453125 0.7139314003906251 0.344342126953125 0.7152536243489583
2 0.41284778173828124 0.5457839244791667 0.39478179150390624 0.5033641289062499 0.3779397041015625 0.5082821901041666 0.3560284833984375 0.5509449134114583 0.3443003662109375 0.71695096484375 0.39594560986328126 0.714961998046875 0.41284778173828124 0.5457839244791667
1 0.4328513544921875 0.71657624609375 0.44631065283203125 0.5837796744791667 0.445481607421875 0.5462710169270834 0.4217769702148437 0.5453249016927083 0.41002028173828126 0.58304192578125 0.394057478515625 0.7140298274739583 0.4328513544921875 0.71657624609375
4 0.44765683935546874 0.5549527154947916 0.4349482900390625 0.7090217135416667 0.4750355561523438 0.7107751204427083 0.4979767763671875 0.5809420364583333 0.49089490234375 0.5322060149739584 0.4934929658203125 0.5042833971354167 0.47118221240234376 0.5049292220052083 0.44765683935546874 0.5549527154947916
25 0.5691178569335937 0.5697270227864584 0.49839438330078123 0.5639686315104167 0.48048105517578127 0.696570384765625 0.5132349389648437 0.7115963684895833 0.5408884448242187 0.7009117565104166 0.5691178569335937 0.5697270227864584
24 0.6429969541015625 0.6090548509114583 0.5606260634765625 0.6236130579427083 0.5480031884765625 0.670637615234375 0.5468965219726563 0.71561746875 0.6611922524414062 0.7044746477864584 0.6429969541015625 0.6090548509114583
27 0.13577896484375 0.9593821770833334 0.14682058056640626 0.9598651341145833 0.20203525439453124 0.9587414934895833 0.2111247392578125 0.7705308561197918 0.1421112431640625 0.77293551953125 0.13577896484375 0.9593821770833334
27 0.27685672802734373 0.7979389244791667 0.212855671875 0.8037403248697917 0.20727170166015624 0.9530234485677083 0.2705166831054687 0.9455947662760417 0.27685672802734373 0.7979389244791667
26 0.288586009765625 0.8325405885416667 0.2754939228515625 0.8727479537760416 0.2745435102539063 0.9372750631510417 0.31853207373046877 0.9358007779947917 0.321673978515625 0.8339878489583333 0.288586009765625 0.8325405885416667
18 0.39469320751953124 0.8176412695312499 0.34035653515625 0.825459599609375 0.33189466162109377 0.9363852545572917 0.383644306640625 0.9301529355468751 0.39469320751953124 0.8176412695312499
17 0.45260718408203127 0.8456619186197917 0.397301115234375 0.8152065885416667 0.39085240673828126 0.9219723802083334 0.5081834965820312 0.9169094108072917 0.49863848974609376 0.8129476796875 0.45260718408203127 0.8456619186197917
10 0.5061295224609375 0.870941728515625 0.4999740830078125 0.9140015826822917 0.6125069731445313 0.8968342402343751 0.5873696396484375 0.7987809016927083 0.5500566372070312 0.8201889095052084 0.49819275439453126 0.8051763125 0.5061295224609375 0.870941728515625