21 0.19079753173828126 0.5490042669270833 0.14570918212890624 0.2557324921875 0.01333844921875 0.26676898828125 0.01914968701171875 0.38299373828125 0.06840272119140625 0.5690961178385416 0.19079753173828126 0.5490042669270833
20 0.14848986669921874 0.26249844401041666 0.1999995751953125 0.5462993958333333 0.3068219521484375 0.5292280286458334 0.27521947314453127 0.2659690123697917 0.14848986669921874 0.26249844401041666
19 0.280203509765625 0.277038953125 0.31570616943359375 0.52300257421875 0.40636651123046874 0.5176348951822917 0.3755497099609375 0.2587461158854167 0.280203509765625 0.277038953125
41 0.5056041606445313 0.5070841809895833 0.478257849609375 0.26062913736979165 0.378568349609375 0.27295777083333334 0.41464777880859377 0.5176022096354167 0.5056041606445313 0.5070841809895833
22 0.5135815864257812 0.49850314518229166 0.6152994951171875 0.480693919921875 0.5769697451171875 0.2468353671875 0.4741631787109375 0.24655191927083334 0.5135815864257812 0.49850314518229166
43 0.5900977309570312 0.3120172701822917 0.6205494970703125 0.4761597962239583 0.6737202670898438 0.47102022656250003 0.6508571469726563 0.28989458138020835 0.5900977309570312 0.3120172701822917
24 0.5585127954101563 0.684072748046875 0.5819531435546875 0.7787820182291667 0.6947070751953125 0.7389376419270833 0.6541608212890625 0.6505632584635417 0.5585127954101563 0.684072748046875
25 0.561290048828125 0.7691173847656251 0.5482151953125 0.6294346575520834 0.47166135595703124 0.6425924108072917 0.49746967333984377 0.7822579075520834 0.561290048828125 0.7691173847656251
4 0.41073036376953126 0.5880555345052083 0.44544530419921874 0.7950960045572916 0.48886007861328123 0.7898818600260417 0.4523909990234375 0.5843487311197917 0.41073036376953126 0.5880555345052083
1 0.4162458046875 0.6350313470052084 0.37820278759765624 0.6412795227864584 0.40437812255859373 0.8117116510416666 0.444884642578125 0.8030811165364583 0.4162458046875 0.6350313470052084
2 0.4024637626953125 0.8178153678385417 0.36836016650390624 0.6130529114583333 0.31123532763671874 0.6212667298177084 0.35263148046875 0.8264142154947917 0.4024637626953125 0.8178153678385417
3 0.30910291357421876 0.6280865201822917 0.2669696313476563 0.63777850390625 0.3009872124023438 0.8391221881510417 0.350530908203125 0.8292921647135416 0.30910291357421876 0.6280865201822917
9 0.1967343046875 0.671541576171875 0.233610326171875 0.855544767578125 0.2980395634765625 0.8409241080729166 0.2598658994140625 0.6617575885416667 0.1967343046875 0.671541576171875
9 0.11613902978515625 0.6855759947916668 0.159881919921875 0.8697987760416667 0.22063413232421875 0.857838498046875 0.17306205859375 0.6691555618489583 0.11613902978515625 0.6855759947916668
27 0.25156707568359377 1 0.23225621044921874 0.9176152623697917 0.17563421142578126 0.9378674427083333 0.1915071845703125 1 0.25156707568359377 1
27 0.3216572866210938 1 0.30825719384765626 0.9391110123697918 0.2518645810546875 0.9510917356770833 0.26295814599609374 1 0.3216572866210938 1
26 0.3766118818359375 1 0.36345082861328126 0.9503267018229167 0.32692947021484375 0.9562855468749999 0.335830240234375 1 0.3766118818359375 1
18 0.4476571533203125 1 0.43570751611328123 0.9364815305989583 0.39455521923828124 0.9404482975260416 0.40410093603515623 1 0.4476571533203125 1
17 0.5639557202148437 1 0.5797429682617188 0.99577638671875 0.5533457788085937 0.910681947265625 0.45984336328125 0.9409174212239583 0.4679297998046875 1 0.5639557202148437 1
10 0.562381958984375 0.8948095052083334 0.5880261767578125 0.9901978522135417 0.6947153989257813 0.953021646484375 0.651934111328125 0.8642847246093751 0.562381958984375 0.8948095052083334