21 0.13680555555555554 0.21922019675925927 0.1347728587962963 0.28701292438271603
20 0.3343089619140625 0.13341893424479165 0.21691146484375 0.10220734309895833 0.2094410234375 0.28033726302083334 0.17489342041015624 0.36762527604166667 0.26912755224609375 0.4001747845052083 0.30430981982421873 0.20843276432291666 0.2996823828125 0.14015368749999998 0.32794098486328127 0.150602640625 0.3343089619140625 0.13341893424479165
19 0.30729717236328125 0.2045287109375 0.28911053466796877 0.329027966796875 0.2680734873046875 0.392329306640625 0.36184229248046873 0.42910397330729166 0.3651227138671875 0.34126623697916664 0.41366891650390625 0.16750403971354166 0.3013081967773438 0.14280542252604167 0.30729717236328125 0.2045287109375
41 0.47459335400390623 0.345764583984375 0.5051111616210937 0.22540383658854168 0.5273765141601563 0.19738938671874998 0.40107801904296875 0.15121322591145833 0.4133176435546875 0.164888890625 0.39864638232421873 0.26327327604166667 0.36001338037109376 0.41087772460937505 0.4700612099609375 0.45657735807291666 0.46051281298828123 0.4039524928385417 0.47459335400390623 0.345764583984375
22 0.5169742495117188 0.28603484960937503 0.4637260454101563 0.43863490624999996 0.5911488515625 0.4891152252604167 0.5819517280273437 0.4391055084635416 0.6014087055664062 0.3379020657552083 0.6645686572265626 0.21141110611979166 0.5195046020507812 0.17162786263020835 0.5169742495117188 0.28603484960937503
43 0.6607533198242187 0.4782605397135417 0.70289007421875 0.33367252929687496 0.7198321196289063 0.3075514934895833 0.62950937109375 0.283027607421875 0.5923794208984375 0.47213470572916666 0.6662511489257813 0.5038082408854166 0.6607533198242187 0.4782605397135417
9 0.11904806005859375 0.4973653274739583 0.0657418037109375 0.48214027083333333 0.05989918701171875 0.6106568203125 0.0986906318359375 0.6241589563802084 0.11904806005859375 0.4973653274739583
9 0.17862499072265625 0.5195089947916667 0.128973544921875 0.5030275703125 0.11921812646484375 0.6293406022135416 0.16286734375 0.6451741223958333 0.17862499072265625 0.5195089947916667
3 0.2335929921875 0.5196454244791667 0.1927865634765625 0.5186368795572917 0.18014928466796876 0.6507995755208333 0.2194778662109375 0.6652269641927083 0.2335929921875 0.5196454244791667
2 0.2860181962890625 0.5254563203125 0.2382009189453125 0.5126382558593751 0.22010832080078124 0.665307150390625 0.26492561865234376 0.6821461705729166 0.2860181962890625 0.5254563203125
1 0.32155218310546874 0.5685338704427083 0.2817428076171875 0.5599226972656249 0.26905982666015626 0.6852427955729167 0.3037167822265625 0.6956486041666667 0.32155218310546874 0.5685338704427083
4 0.33724736083984375 0.5348696516927084 0.3058665913085937 0.6993494401041667 0.344306517578125 0.7102363958333333 0.3745984458007813 0.5512891809895833 0.33724736083984375 0.5348696516927084
25 0.46365341748046873 0.59603265625 0.37967294775390625 0.56907129296875 0.3626121474609375 0.706566765625 0.42840107666015625 0.7303571223958333 0.46365341748046873 0.59603265625
24 0.5900409482421874 0.6849390384114583 0.4526526713867188 0.6480265286458333 0.42474151708984376 0.7461717695312501 0.5799275053710937 0.7941853398437501 0.5900409482421874 0.6849390384114583
27 0.0989324404296875 0.685819599609375 0.0518176845703125 0.666622646484375 0.043203888671875 0.826108431640625 0.08612933251953125 0.84270683203125 0.0989324404296875 0.685819599609375
27 0.1531746875 0.738988021484375 0.10569582958984375 0.7216442376302084 0.096941111328125 0.8432250201822917 0.1401249658203125 0.86328402734375 0.1531746875 0.738988021484375
26 0.16757175439453126 0.7766127955729166 0.1574696396484375 0.8509234921875 0.18405336328125 0.8765825846354166 0.1929362734375 0.78431647265625 0.16757175439453126 0.7766127955729166
18 0.25889029443359374 0.8124125032552083 0.21953716650390626 0.798207994140625 0.20852923974609375 0.8865504225260418 0.24253451318359376 0.902871224609375 0.25889029443359374 0.8124125032552083
17 0.26093321630859373 0.8983564967447917 0.37806089013671873 0.9552391510416666 0.396235978515625 0.8598705462239583 0.3394487055664063 0.8646436712239584 0.290236533203125 0.8093409055989583 0.26093321630859373 0.8983564967447917
10 0.5156731962890625 1 0.5265950634765625 0.8953011608072917 0.45600862255859376 0.9034604798177083 0.40677739013671876 0.8541354759114584 0.379487208984375 0.959704568359375 0.4995392470703125 1 0.5156731962890625 1