5 0.14711552372685185 0.18314043209876543 0.10143229166666667 0.31076388888888884
8 0.19906864872685187 0.21301842206790123 0.08973162615740737 0.2775028935185186
8 0.24666521990740742 0.2270182291666667 0.08599898726851851 0.2811390817901234
7 0.2916793258101852 0.2486279899691358 0.085912181712963 0.2791859567901234
7 0.34064127604166666 0.265967399691358 0.09007884837962965 0.2853153935185185
6 0.5900716145833333 0.3854359567901235 0.22435257523148144 0.2835648148148147
6 0.42866572627314814 0.2860074266975309 0.15985243055555554 0.3109085648148148
0 0.1472638165509259 0.5041015624999999 0.046563946759259234 0.10576774691358033
42 0.18106553819444443 0.4924840856481481 0.05298032407407405 0.1406105324074073
32 0.23355938946759258 0.5071469907407408 0.10150824652777779 0.19199459876543212
31 0.3121075665509259 0.5330222800925926 0.1098777488425926 0.22697241512345676
31 0.38907877604166663 0.5672260802469136 0.09692563657407405 0.23126929012345684
28 0.44969618055555555 0.6551432291666667 0.07245370370370374 0.1406587577160495
29 0.5153067129629629 0.6856409143518519 0.07595847800925926 0.14284818672839528
30 0.5811921296296296 0.7223234953703703 0.0796079282407407 0.1482928240740741
23 0.1728316695601852 0.6960382908950616 0.09746093749999996 0.19950327932098766
35 0.2535319010416667 0.7593822337962962 0.11371527777777779 0.19283854166666656
36 0.35457718460648147 0.8095293209876543 0.1372432002314814 0.20744598765432087
34 0.6228278959960938 1 0.6508074033203125 0.916452107421875 0.44090260400390624 0.7840903098958334 0.40716429052734376 0.9423330345052082 0.4861430908203125 1 0.6228278959960938 1
39 0.136850775390625 0.8245411295572916 0.13141533349609374 0.9260218209635417 0.20219479248046876 0.9456778821614583 0.20458145263671876 0.884915353515625 0.136850775390625 0.8245411295572916
40 0.2163951708984375 0.88485165234375 0.2104840478515625 0.94797987890625 0.2939180029296875 0.9711502024739583 0.29541941796875 0.9542327141927083 0.2163951708984375 0.88485165234375