8 0.15096478173828126 0.38199404752604166 0.12279191455078126 0.060840277994791664 0.065203125 0.05862896809895834 0.08702554541015625 0.3773872356770833 0.15096478173828126 0.38199404752604166
8 0.20192460302734375 0.38420502669270834 0.17872321435546876 0.10284986783854166 0.1336465771484375 0.10222056901041666 0.14889310498046876 0.37867757942708336 0.20192460302734375 0.38420502669270834
8 0.26779935498046875 0.38862731510416665 0.248326884765625 0.09953339973958332 0.19145634912109374 0.098076388671875 0.210625 0.38586342578125005 0.26779935498046875 0.38862731510416665
7 0.3212447915039062 0.3875218255208333 0.36516145849609377 0.39028538346354164 0.3668187001953125 0.13048809505208334 0.3170218251953125 0.128742724609375 0.3212447915039062 0.3875218255208333
6 0.49525372021484376 0.37093882291666663 0.5105830854492187 0.11887996028645832 0.3798045634765625 0.11879695768229166 0.3730332338867188 0.3891798938802083 0.49525372021484376 0.37093882291666663
6 0.6805071923828125 0.3808885579427083 0.6892078374023437 0.19626653450520834 0.5140726684570313 0.19504794986979168 0.494483630859375 0.3808885579427083 0.6805071923828125 0.3808885579427083
30 0.6378338295898438 0.645248015625 0.64239112109375 0.5219824733072916 0.581828373046875 0.5323756614583334 0.5715446430664063 0.6408260579427083 0.6378338295898438 0.645248015625
29 0.5624298115234375 0.6424844576822917 0.574859126953125 0.5280628307291667 0.5153159721679688 0.518286044921875 0.5106416171875 0.6325347220052083 0.5624298115234375 0.6424844576822917
28 0.5077413193359375 0.6369566796875 0.5131274799804687 0.5170076061197917 0.45346726171875 0.5164550266927083 0.44756026806640625 0.6252030423177083 0.5077413193359375 0.6369566796875
31 0.373920138671875 0.420274470703125 0.37143452392578125 0.617057208984375 0.4432090771484375 0.6194014550781249 0.46216765869140625 0.4280132272135417 0.373920138671875 0.420274470703125
31 0.3677056049804687 0.4324351848958334 0.2794583334960937 0.43409358463541664 0.2844300595703125 0.6131881614583333 0.36488591259765624 0.613599537109375 0.3677056049804687 0.4324351848958334
32 0.18623933544921875 0.4490181881510417 0.18994221240234374 0.6142936510416667 0.2719749501953125 0.6153991399739583 0.2707579365234375 0.455098544921875 0.18623933544921875 0.4490181881510417
42 0.18805877978515625 0.617057208984375 0.182672619140625 0.479972552734375 0.13986259912109375 0.47601620377604165 0.14704241064453125 0.6153991399739583 0.18805877978515625 0.617057208984375
0 0.11099752001953125 0.6242433860677084 0.14621378955078124 0.6253488756510417 0.1387562001953125 0.5175605156249999 0.106295634765625 0.5191147486979167 0.11099752001953125 0.6242433860677084
36 0.22866071435546875 0.8453065475260417 0.2183030751953125 0.683900462890625 0.12805208349609376 0.6757609127604166 0.13585615087890626 0.8475175266927083 0.22866071435546875 0.8453065475260417
35 0.3434238588867187 0.848623015625 0.3359662700195313 0.7220410052083334 0.22493204345703124 0.7109857805989583 0.2352896826171875 0.8502814153645833 0.3434238588867187 0.848623015625
36 0.4523864086914062 0.8558088626302083 0.45528670654296877 0.7093273808593751 0.34623759912109375 0.718859126953125 0.34756671630859376 0.8602311510416666 0.4523864086914062 0.8558088626302083
34 0.4615235615234375 0.854150462890625 0.6500332338867187 0.8723918652343751 0.67074851171875 0.7308849205729167 0.4742896826171875 0.7213455690104166 0.4615235615234375 0.854150462890625
38 0.6086168041992187 1 0.6156458334960937 0.941704365234375 0.4606140874023438 0.9401531087239583 0.458379318359375 1 0.6086168041992187 1
37 0.44825649853515626 1 0.45626289697265626 0.9011987434895833 0.356703869140625 0.9002473548177083 0.35613958544921875 1 0.44825649853515626 1
40 0.3477980307617187 1 0.34748090283203126 0.922748015625 0.2485699404296875 0.9278852513020833 0.25261122607421876 1 0.3477980307617187 1
39 0.23950847412109375 1 0.232482638671875 0.9277208997395833 0.1408501982421875 0.92677976171875 0.14967507958984375 1 0.23950847412109375 1
7 0.27111383935546873 0.3897328040364583 0.31751612109375 0.385310515625 0.31005853173828124 0.12772420638020834 0.25796875 0.13122916666666667 0.27111383935546873 0.3897328040364583