5 0.16332826967592592 0.16000675154320987 0.12060185185185185 0.31594328703703706
8 0.22506510416666667 0.19180169753086418 0.10784505208333334 0.2890190972222222
8 0.28355938946759257 0.20922067901234567 0.10193504050925928 0.28760127314814815
7 0.33650716145833337 0.24084201388888885 0.09478443287037042 0.25428240740740743
7 0.39240813078703707 0.25430652006172844 0.09316767939814818 0.2503472222222222
6 0.48153754340277777 0.26907793209876546 0.16440972222222228 0.2881847993827161
6 0.6236888744212963 0.34246961805555554 0.2010923032407408 0.22775848765432105
0 0.14365234375 0.49464699074074076 0.051001880787037046 0.10704571759259258
42 0.18578197337962965 0.4801914544753087 0.06868489583333337 0.14772858796296293
32 0.2512080439814815 0.4876639660493827 0.11140407986111112 0.17979841820987655
31 0.34245876736111114 0.5005256558641976 0.11927806712962963 0.2066261574074074
31 0.42747214988425924 0.5223717206790123 0.10372902199074074 0.20827064043209878
28 0.48958695023148147 0.5889781057098765 0.06947337962962963 0.11781925154320987
29 0.5487123842592593 0.603807388117284 0.07165436921296298 0.12371720679012348
30 0.6081958912037038 0.6215711805555556 0.07258029513888875 0.12243441358024694
23 0.17612123842592592 0.6959804205246914 0.12836009837962964 0.18924093364197545
35 0.27908890335648145 0.7341194058641975 0.13094256365740742 0.1678240740740741
36 0.39054542824074073 0.7584394290123457 0.13263527199074077 0.17371238425925917
34 0.5450991030092593 0.8057291666666666 0.21701750578703694 0.19814814814814832
39 0.16834309895833333 0.8786289544753086 0.1172055844907407 0.10314911265432099
40 0.2740668402777778 0.9060884452160494 0.11340060763888893 0.10567611882716044
37 0.3768138744212963 0.9260079089506172 0.11303168402777786 0.12128182870370392
38 0.5011773003472222 0.9569444444444445 0.15843098958333335 0.08611111111111096