21 0.04676116064453125 0.16262566145833332 0.03720783740234375 0.405389880859375 0.11413764892578125 0.41343749999999996 0.13324429541015625 0.30546759244791666 0.134501240234375 0.16860846549479167 0.04676116064453125 0.16262566145833332
20 0.2056485615234375 0.18274404752604168 0.1387750498046875 0.17804993359375 0.11715426611328125 0.424167328125 0.20212896826171875 0.4395916002604167 0.20514583349609375 0.200180224609375 0.2056485615234375 0.18274404752604168
19 0.24560546875 0.322265625 0.08154296875 0.24739583333333334
41 0.33837890625 0.3229166666666667 0.0947265625 0.275390625
22 0.38347073388671876 0.45639120377604164 0.4886708828125 0.4714781744791667 0.5265654760742188 0.19236640234375 0.4072256943359375 0.18589087304687502 0.38347073388671876 0.45639120377604164
43 0.49376116064453124 0.47449570117187495 0.5701158232421875 0.48731977539062504 0.58312450390625 0.28288921940104167 0.5095977182617187 0.27235747330729165 0.49376116064453124 0.47449570117187495
9 0.07275390625 0.5768229166666666 0.0556640625 0.16666666666666666
9 0.125 0.591796875 0.04931640625 0.17057291666666666
3 0.15681002001953126 0.685590939453125 0.1930079365234375 0.6953974869791667 0.1856552578125 0.5286848548177083 0.16190054541015625 0.504507275390625 0.148326388671875 0.5475436510416667 0.15681002001953126 0.685590939453125
2 0.19357366064453124 0.69313458984375 0.23090252978515624 0.7044497356770832 0.22637797607421875 0.5407546295572917 0.21450049609375 0.510580357421875 0.1986639384765625 0.512048611328125 0.182827380859375 0.5505611770833333 0.19357366064453124 0.69313458984375
1 0.24755859375 0.6315104166666666 0.03857421875 0.169921875
4 0.2939453125 0.6223958333333334 0.0478515625 0.21875
25 0.3525390625 0.662109375 0.0673828125 0.15690104166666666
24 0.5368874008789063 0.8017619049479167 0.5481991567382812 0.6818191139322917 0.40793253955078124 0.6572169309895833 0.377390625 0.759517857421875 0.5368874008789063 0.8017619049479167
27 0.07649627978515625 0.8553210976562501 0.1160875498046875 0.8636190475260417 0.11043179541015626 0.7429219576822916 0.12683382958984374 0.7263263886718749 0.1217435517578125 0.708221560546875 0.062922123046875 0.6883244049479167 0.07366815478515625 0.8289186510416666 0.07649627978515625 0.8553210976562501
27 0.1183499501953125 0.8711626985677082 0.16812202392578124 0.8839867727864584 0.1613348212890625 0.7512199075520832 0.12937896826171874 0.7345142194010417 0.10760367041015625 0.7557460319010416 0.1183499501953125 0.8711626985677082
26 0.1669908232421875 0.8870039680989583 0.20375421630859375 0.8975651451822917 0.19922941455078125 0.7972357805989584 0.1703844248046875 0.78730291015625 0.1669908232421875 0.8870039680989583
18 0.21223809521484374 0.9066173938802083 0.24900148828125 0.9217043652343749 0.26257564501953123 0.8968108463541666 0.2642725693359375 0.7987443782552083 0.22482242041015624 0.7929586640625 0.20545089306640624 0.8213750000000001 0.21223809521484374 0.9066173938802083
17 0.37173487109375 0.9745092591145833 0.38926810498046877 0.8726712962239583 0.33553695458984373 0.8771974205729167 0.291279513671875 0.8287794309895834 0.2586165673828125 0.9179328704427084 0.37173487109375 0.9745092591145833
10 0.51111343359375 1 0.5176572421875 0.9080674602864584 0.451483134765625 0.9141021822916667 0.3987418154296875 0.8683710319010417 0.36890674609375 0.9744507272135418 0.43677375146484376 1 0.51111343359375 1
12 0.111328125 0.9791666666666666 0.0458984375 0.041666666666666664
14 0.154296875 0.9775390625 0.0439453125 0.044921875