21 0.093135318359375 0.007169182942708334 0.061418357421875 0.3035796276041667 0.17712886767578126 0.34696084700520835 0.2247482001953125 0.04439476106770834 0.093135318359375 0.007169182942708334
20 0.23280657470703126 0.05428971028645833 0.18483403466796874 0.34227865494791665 0.3044935537109375 0.38606637369791663 0.34907838916015627 0.108062658203125 0.23280657470703126 0.05428971028645833
19 0.3358638984375 0.11576549544270832 0.30513693798828123 0.38728237825520834 0.4035786923828125 0.4264161822916666 0.45691720849609374 0.15499567513020832 0.3358638984375 0.11576549544270832
41 0.44671956103515625 0.14037697005208333 0.403823724609375 0.424755783203125 0.51350902734375 0.459756267578125 0.5755114545898438 0.19558548958333333 0.44671956103515625 0.14037697005208333
22 0.5669525747070312 0.179519048828125 0.5167640454101563 0.45997042122395837 0.63728392578125 0.50351583984375 0.7068334360351562 0.2355669694010417 0.5669525747070312 0.179519048828125
43 0.6815582807617188 0.297962353515625 0.6417163872070313 0.503711560546875 0.7168804497070312 0.531876740234375 0.7639323623046875 0.33787711197916664 0.6815582807617188 0.297962353515625
24 0.5006212045898437 0.6706331119791668 0.48037895947265624 0.7757149694010416 0.6297183110351563 0.8162130507812501 0.6336972778320312 0.7018494915364584 0.5006212045898437 0.6706331119791668
25 0.4223329272460937 0.5822171282552083 0.4026328837890625 0.7273568619791666 0.4742238715820313 0.7556801946614583 0.5136555673828125 0.610381931640625 0.4223329272460937 0.5822171282552083
4 0.37964055810546876 0.498060919921875 0.3451900302734375 0.7142747519531251 0.38525915625 0.7340620930989584 0.43010388720703124 0.519742732421875 0.37964055810546876 0.498060919921875
1 0.3678935107421875 0.53839537109375 0.32409049609375 0.527191244140625 0.295885236328125 0.7029818463541666 0.33829063525390624 0.7151217975260417 0.3678935107421875 0.53839537109375
2 0.3255567578125 0.48893927018229166 0.27309332421875 0.470500826171875 0.238652216796875 0.6808435032552084 0.29516482421875 0.706241265625 0.3255567578125 0.48893927018229166
9 0.21045998486328124 0.4724875 0.14184207373046875 0.45213966536458333 0.11951146142578126 0.6383748216145834 0.188864787109375 0.6593923268229166 0.21045998486328124 0.4724875
27 0.043516630859375 0.67800219921875 0.032870666015625 0.8536382819010417 0.08563677197265625 0.8736395930989583 0.09899110009765626 0.6975796705729166 0.043516630859375 0.67800219921875
27 0.16522227685546875 0.7602524010416666 0.10872288330078125 0.7378835266927083 0.0979100302734375 0.8746330690104167 0.152218552734375 0.8931947734375 0.16522227685546875 0.7602524010416666
26 0.18388445751953125 0.7893721712239583 0.16599277587890626 0.8876911757812499 0.2050458603515625 0.9130730631510416 0.2140820859375 0.805647615234375 0.18388445751953125 0.7893721712239583
18 0.244448421875 0.81865762890625 0.22863988671875 0.9216995572916667 0.27248107177734376 0.9328555299479167 0.287193037109375 0.8335772721354168 0.244448421875 0.81865762890625
17 0.31912471142578125 0.83320634765625 0.2920159013671875 0.9379430963541666 0.417173095703125 0.9838156692708333 0.42765273974609375 0.8792117096354167 0.31912471142578125 0.83320634765625
10 0.5601217724609375 1 0.5579321010742188 0.9064567851562501 0.44227699365234374 0.8767890598958333 0.42778679736328123 0.9843475800781251 0.4771434677734375 1 0.5601217724609375 1
9 0.066214623046875 0.42436682356770833 0.04620266015625 0.6176401692708333 0.11504631640625 0.6347129134114583 0.12432207568359376 0.45025886458333336 0.066214623046875 0.42436682356770833
3 0.27147705322265625 0.48115840885416666 0.21989853857421876 0.4619263352864584 0.193709376953125 0.6652322128906251 0.23936865185546874 0.6841539485677083 0.27147705322265625 0.48115840885416666