5 0.117858767578125 0.4299575071614583 0.07583451611328125 0.09648511523437499 0.016570275390625 0.10115759375 0.06104947216796875 0.4367499576822917 0.117858767578125 0.4299575071614583
8 0.17386516943359376 0.43490381640625 0.1330887255859375 0.13331754036458335 0.08270229345703126 0.14381256445312499 0.12167418896484375 0.4413366549479167 0.17386516943359376 0.43490381640625
8 0.22843276953125 0.4354544889322917 0.1989166796875 0.13456952408854167 0.13502420654296876 0.13944517513020835 0.17187833349609374 0.44016820182291666 0.22843276953125 0.4354544889322917
7 0.27775168310546877 0.4386268196614583 0.2616402646484375 0.16616643359375 0.2048678447265625 0.16744147721354166 0.22484068603515625 0.4337015006510417 0.27775168310546877 0.4386268196614583
7 0.33258430712890624 0.437255181640625 0.31571760205078125 0.16508631380208333 0.259503853515625 0.16297217122395832 0.27781713916015627 0.43965937890625 0.33258430712890624 0.437255181640625
6 0.4790648017578125 0.22519688606770835 0.46604341162109375 0.27297789322916666 0.460906734375 0.448188619140625 0.6815453198242187 0.46335264843749996 0.6869247778320312 0.218758896484375 0.4790648017578125 0.22519688606770835
6 0.471040330078125 0.14436713606770832 0.33030976220703123 0.13598094401041666 0.31818422216796877 0.21009599153645833 0.3390168393554687 0.44111420377604166 0.4048588935546875 0.4547907682291667 0.4638469619140625 0.43356348177083337 0.47004029931640623 0.22620893554687502 0.49131118896484377 0.22009800911458333 0.471040330078125 0.14436713606770832
0 0.13631946044921875 0.660161486328125 0.1183243515625 0.5593234401041667 0.0941601796875 0.55639968359375 0.10456252099609376 0.6594843704427084 0.13631946044921875 0.660161486328125
32 0.26083844482421875 0.6721029707031251 0.25101816064453125 0.5049912174479166 0.16280683203125 0.4922969635416667 0.176823275390625 0.6645956966145833 0.26083844482421875 0.6721029707031251
42 0.17483643994140624 0.6698600813802084 0.16830503759765625 0.5790303346354166 0.1528071552734375 0.5175856686197916 0.12920585546875 0.5174420266927083 0.12336933837890625 0.57789664453125 0.13580989208984376 0.6643252571614583 0.17483643994140624 0.6698600813802084
31 0.34983341015625 0.6849568444010417 0.34580792236328123 0.4872318190104166 0.24828337451171875 0.47404860481770833 0.261818203125 0.675360279296875 0.34983341015625 0.6849568444010417
31 0.42268326953125 0.6993612083333334 0.44191863671875 0.4933637174479167 0.3485093955078125 0.4810385983072916 0.35336301123046876 0.6796250651041666 0.42268326953125 0.6993612083333334
28 0.49931429345703127 0.5903846888020833 0.42974631201171876 0.5789428854166666 0.4333797255859375 0.7216705182291667 0.49651468017578126 0.7292533203125 0.49931429345703127 0.5903846888020833
29 0.5658183002929688 0.7365248639322917 0.5696422666015625 0.60161701953125 0.49789992431640623 0.5924775130208334 0.4979239541015625 0.7270801263020834 0.5658183002929688 0.7365248639322917
30 0.640341546875 0.7529263046875 0.6436580087890625 0.6100126490885417 0.5689449467773438 0.6028190436197917 0.5673610439453125 0.7364571406249999 0.640341546875 0.7529263046875
23 0.225422283203125 0.9065535533854167 0.20914343603515625 0.7717746673177084 0.21770285302734374 0.7237699876302083 0.12299326806640624 0.7061838307291667 0.13385876708984376 0.8775854524739582 0.225422283203125 0.9065535533854167
35 0.33367611962890625 0.92120927734375 0.32435278564453124 0.7832837486979166 0.21055526806640626 0.7696418229166667 0.22613742431640624 0.9056326555989583 0.33367611962890625 0.92120927734375
36 0.454910626953125 0.9515019212239584 0.4527547490234375 0.8076739941406249 0.3269939345703125 0.7883449720052084 0.33184256494140624 0.9258420917968749 0.454910626953125 0.9515019212239584
34 0.6802782954101563 1 0.6965748774414062 0.865168625 0.45050608837890627 0.8088081406250001 0.456846107421875 0.9576295559895834 0.6366392045898438 1 0.6802782954101563 1
39 0.24284234521484374 1 0.2414645400390625 0.9887877897135416 0.1456087900390625 0.95922407421875 0.15185782421875 1 0.24284234521484374 1
37 0.4358282255859375 1 0.3432705810546875 0.9718937897135417 0.34594319482421876 1 0.4358282255859375 1