21 0.0311654384765625 0.5078626302083333 0.10354590771484375 0.49885233593749995 0.10379603271484375 0.266218658203125 0.01861687939453125 0.2657790358072917 0.0311654384765625 0.5078626302083333
20 0.19722933447265625 0.26070767447916665 0.1044720087890625 0.26704235807291665 0.11827437451171875 0.3722220481770833 0.11010319384765625 0.5051089361979166 0.1940910126953125 0.5111974889322917 0.171377419921875 0.2737356751302083 0.19722933447265625 0.26070767447916665
19 0.196584544921875 0.512447392578125 0.265996083984375 0.5205103404947916 0.2653131298828125 0.26736280924479167 0.17416925439453124 0.2764448522135417 0.18947058544921874 0.36892930794270834 0.196584544921875 0.512447392578125
41 0.2730912416992187 0.5147859700520833 0.36707193896484375 0.5203147903645834 0.36990534326171876 0.2611341516927083 0.2598591225585937 0.254605794921875 0.2730912416992187 0.5147859700520833
22 0.4963311977539063 0.2487724166666667 0.37198407666015626 0.2526252545572917 0.387873 0.34364283984375005 0.376320212890625 0.5182682578125 0.4808766821289063 0.523158392578125 0.4696812368164062 0.38019315559895833 0.4963311977539063 0.2487724166666667
43 0.4958748833007813 0.5195391875 0.5617250756835938 0.5217335572916667 0.5638588461914062 0.32456807421875 0.482592849609375 0.321940830078125 0.4958748833007813 0.5195391875
9 0.0764271796875 0.7461226373697917 0.10656706787109375 0.7460095930989583 0.09568557177734376 0.6347560227864583 0.05114863427734375 0.6328500351562499 0.0764271796875 0.7461226373697917
9 0.13017664599609374 0.7571008828125 0.1594911630859375 0.7547178144531249 0.149515736328125 0.6465168333333333 0.1030387060546875 0.640129392578125 0.13017664599609374 0.7571008828125
3 0.17374125830078124 0.7667965384114583 0.20079326806640624 0.7711692552083332 0.18804879833984375 0.6282328587239584 0.1536255859375 0.62654259375 0.17374125830078124 0.7667965384114583
2 0.2094103994140625 0.7708948912760416 0.24281918359375 0.7788714817708334 0.233808095703125 0.6398943046875 0.18873934130859374 0.6284798704427084 0.2094103994140625 0.7708948912760416
1 0.24928694775390625 0.7771022226562501 0.2828776171875 0.7868402096354167 0.27016335302734373 0.6635450833333333 0.23686742041015624 0.6598899993489583 0.24928694775390625 0.7771022226562501
4 0.2866311875 0.7845457454427084 0.32472164794921876 0.7927810403645833 0.314449380859375 0.6673691067708334 0.273053677734375 0.656104119140625 0.2866311875 0.7845457454427084
25 0.342339130859375 0.7895015221354167 0.402890728515625 0.80273137890625 0.4008721020507813 0.6735225852864583 0.32453820703125 0.663632767578125 0.342339130859375 0.7895015221354167
24 0.405201513671875 0.8122410579427083 0.5519742172851563 0.8361162851562499 0.5522058139648437 0.7351782200520834 0.4170872294921875 0.714684091796875 0.405201513671875 0.8122410579427083
27 0.10686421923828125 0.9437356393229166 0.13988950244140624 0.9544427239583334 0.11545042822265625 0.8077326276041666 0.07859553955078125 0.8018098111979167 0.10686421923828125 0.9437356393229166
27 0.15029251025390625 0.9521407597656251 0.18734383984375 0.9631956894531251 0.17131014599609376 0.8528520872395834 0.1317307060546875 0.84146653125 0.15029251025390625 0.9521407597656251
26 0.2065253974609375 0.9686341451822917 0.2334866044921875 0.9721263118489584 0.2168070205078125 0.8877665078125 0.1936312373046875 0.8855135071614583 0.2065253974609375 0.9686341451822917
18 0.24787546142578126 0.9826788671875 0.2815566884765625 0.9932974375 0.2724750810546875 0.9052295846354167 0.2404238603515625 0.8959089733072917 0.24787546142578126 0.9826788671875
17 0.4106198603515625 1 0.417280056640625 0.929371345703125 0.36207658837890627 0.9422065644531249 0.3182564658203125 0.900984013671875 0.29768074755859375 0.9884345084635416 0.3307328364257813 1 0.4106198603515625 1
10 0.5500658139648438 1 0.5478578393554687 0.9509753001302084 0.48066713623046875 0.9636485234375001 0.4325385961914063 0.9290116210937499 0.418365978515625 1 0.5500658139648438 1