5 0.09582316455078126 0.385742724609375 0.15515352197265625 0.3869993385416666 0.13066790673828124 0.14199966927083332 0.07534002978515625 0.13058961653645834 0.09582316455078126 0.385742724609375
8 0.15515352197265625 0.3869993385416666 0.20883333349609376 0.383229828125 0.19659052587890624 0.165871693359375 0.13773115087890625 0.15413326692708332 0.15515352197265625 0.3869993385416666
8 0.21448387890625 0.38825562174479167 0.26251314501953127 0.3844864420572917 0.25215377001953126 0.17089715625000002 0.20129935498046875 0.16512037044270833 0.21448387890625 0.38825562174479167
7 0.270047123046875 0.385742724609375 0.3152509921875 0.3844864420572917 0.307717013671875 0.18848677278645834 0.2578043154296875 0.183955357421875 0.270047123046875 0.385742724609375
7 0.3199598212890625 0.38071726171875 0.3661056547851563 0.3794606484375 0.3613968251953125 0.19099966927083334 0.3152509921875 0.18848677278645834 0.3199598212890625 0.38071726171875
6 0.36987276806640623 0.38834788346354165 0.45933903759765626 0.3845787037760417 0.4480379462890625 0.1194768515625 0.38140897802734375 0.12431117708333334 0.36987276806640623 0.38834788346354165
6 0.5045429067382813 0.38834788346354165 0.6721746030273438 0.3808095240885417 0.67123288671875 0.18732275130208334 0.5205528271484375 0.19360482812500002 0.5045429067382813 0.38834788346354165
0 0.1466778271484375 0.6180856484375 0.135376736328125 0.5565218255208334 0.11842509912109375 0.5540089283854167 0.12125049609375 0.6168293652343749 0.1466778271484375 0.6180856484375
42 0.1890565478515625 0.6143164680989583 0.18246428564453124 0.5351626985677084 0.15303447412109375 0.5167073411458333 0.15326984130859375 0.6118035716145833 0.1890565478515625 0.6143164680989583
32 0.19659052587890624 0.6143164680989583 0.27381398828125 0.6168293652343749 0.27287227197265623 0.4698296959635417 0.1918816962890625 0.4560092591145833 0.19659052587890624 0.6143164680989583
31 0.28699851171875 0.6130601848958334 0.3708144838867187 0.6168293652343749 0.3708144838867187 0.440932208984375 0.27781646826171874 0.43194973567708334 0.28699851171875 0.6130601848958334
31 0.3755230654296875 0.6193419309895833 0.4414456845703125 0.6268806217447916 0.46310590283203124 0.44344510611979165 0.38023189501953125 0.43590674609375 0.3755230654296875 0.6193419309895833
28 0.456513888671875 0.623111111328125 0.5073683037109376 0.623111111328125 0.509251736328125 0.5313935182291667 0.456749255859375 0.5324031087239584 0.456513888671875 0.623111111328125
29 0.5139605654296875 0.6256240078125 0.5629315478515625 0.6344189817708333 0.574232638671875 0.5313935182291667 0.5167857143554687 0.5214160052083333 0.5139605654296875 0.6256240078125
30 0.57799950390625 0.6331623678385417 0.6279124501953125 0.6319060846354166 0.6392132934570313 0.5376755950520834 0.57799950390625 0.5261246692708333 0.57799950390625 0.6331623678385417
23 0.14102728173828125 0.8428902115885416 0.235202380859375 0.8554540345052084 0.22272420654296876 0.6889785052083334 0.13890823388671875 0.6830833333333333 0.14102728173828125 0.8428902115885416
35 0.242500744140625 0.8460291002604167 0.3432681049804687 0.8447728177083333 0.34515178564453125 0.73169609765625 0.23072891845703125 0.725461970703125 0.242500744140625 0.8460291002604167
36 0.3517440478515625 0.8472857141927084 0.457219990234375 0.853567791015625 0.4591034228515625 0.7329527115885416 0.34727058544921874 0.7286011907552083 0.3517440478515625 0.8472857141927084
34 0.470404513671875 0.849798611328125 0.6568712797851562 0.8598498678385417 0.6728809521484375 0.7442602513020833 0.46616666650390626 0.7286011907552083 0.470404513671875 0.849798611328125
39 0.2464349921875 1 0.242500744140625 0.9415162037760417 0.1506800595703125 0.9373561510416667 0.15766461572265625 1 0.2464349921875 1
40 0.3485115126953125 1 0.3479769345703125 0.9415162037760417 0.25544990087890623 0.9373561510416667 0.2596886953125 1 0.3485115126953125 1
37 0.455693974609375 1 0.45816195458984377 0.9201574075520833 0.3602197421875 0.9153819446614584 0.36535540966796876 1 0.455693974609375 1
38 0.613084576171875 1 0.6182594248046875 0.9528240742187499 0.46734375 0.9436342591145833 0.46949898583984373 1 0.613084576171875 1