5 0.08400065104166667 0.3226875964506173 0.12303602430555557 0.34763213734567905
8 0.14807400173611113 0.3322603202160494 0.10640190972222219 0.30121527777777785
8 0.20570203993055555 0.3236762152777778 0.10735677083333334 0.30066068672839513
7 0.26710069444444445 0.3333092206790123 0.10111762152777781 0.2740885416666667
7 0.3187120225694444 0.3267264660493827 0.091796875 0.27187017746913583
6 0.32601015625 0.18474003450520834 0.37257347509765626 0.4491587259114583 0.49032914306640624 0.4164720130208333 0.47252115576171877 0.2600217337239583 0.44135713427734374 0.16850585546875 0.32601015625 0.18474003450520834
6 0.5745279947916666 0.3214940200617284 0.19176432291666679 0.24864969135802473
0 0.16088324652777777 0.6654369212962963 0.05041232638888887 0.11074942129629643
42 0.19498697916666669 0.6373336226851851 0.0654079861111111 0.1518132716049383
32 0.2571072048611111 0.6175130208333334 0.12167968750000002 0.20474054783950604
31 0.3464029947916667 0.5880473572530864 0.12898220486111112 0.23401331018518526
31 0.43274197048611107 0.5793788580246914 0.11539713541666674 0.2352671682098766
28 0.508984375 0.6255184220679012 0.07991536458333326 0.13442804783950604
29 0.5683539496527779 0.6180796682098766 0.07541232638888884 0.13073881172839505
30 0.6326063368055556 0.6111231674382717 0.08006727430555549 0.13898533950617273
23 0.24346788194444446 0.8507426697530865 0.12567274305555554 0.20773051697530853
35 0.35325520833333335 0.8593147183641975 0.1318576388888889 0.15967399691358017
36 0.466552734375 0.8490909529320988 0.13203125000000004 0.16488233024691348
34 0.6292643229166667 0.8320674189814815 0.22599826388888888 0.20985243055555536
40 0.39517686631944443 0.9940562307098766 0.11029730902777779 0.011887538580246826
37 0.4949924045138889 0.9758150077160493 0.1157443576388889 0.04836998456790139
38 0.6239583333333334 0.9754653742283951 0.1644531250000001 0.04906925154320992