21 0.12731119791666667 0.29000289351851855 0.23151041666666666 0.3689525462962962
20 0.2644368489583333 0.3445963541666666 0.18815104166666674 0.33061342592592585
19 0.374169921875 0.39935619212962964 0.1566406250000001 0.285474537037037
41 0.47568359375 0.42290219907407406 0.1446289062499999 0.2792679398148148
22 0.5809733072916666 0.45405815972222224 0.1576822916666667 0.2770543981481482
43 0.6537923177083333 0.5184823495370371 0.09895833333333326 0.19470486111111107
9 0.06276041666666667 0.6385127314814815 0.12552083333333333 0.20205439814814818
9 0.144189453125 0.6614945023148148 0.11181640625 0.1885850694444445
3 0.212646484375 0.666456886574074 0.09775390625000002 0.19986979166666666
2 0.26539713541666665 0.6774739583333332 0.09293619791666674 0.2010271990740741
1 0.3085611979166667 0.7041811342592593 0.07421875 0.16796875
4 0.35831705729166663 0.696853298611111 0.0883463541666667 0.20674189814814822
25 0.41453450520833335 0.7363353587962963 0.10068359374999991 0.15120081018518525
24 0.46291265966796874 0.7225080748697916 0.432291919921875 0.8152373483072917 0.5566914633789063 0.8336667154947918 0.5590237900390626 0.7332592070312499 0.46291265966796874 0.7225080748697916
27 0.03998209635416666 0.8271629050925927 0.07996419270833333 0.10465856481481477
27 0.10152994791666667 0.8594184027777777 0.07958984375 0.09011863425925941
26 0.158984375 0.8839409722222222 0.05859375 0.07974537037037048
18 0.22312825520833335 0.8920355902777778 0.06946614583333333 0.11192129629629625
17 0.2728827783203125 0.8657779127604166 0.24814994873046875 0.949967978515625 0.35798024462890626 0.9747657623697917 0.3713051923828125 0.8835204453125001 0.2728827783203125 0.8657779127604166
10 0.38136504833984375 0.8834114850260417 0.36813460302734374 0.9742998997395834 0.471794583984375 0.9878928092447916 0.4738181806640625 0.890055564453125 0.38136504833984375 0.8834114850260417