21 0.108203125 0.2679578993055556 0.18776041666666665 0.21365017361111116
20 0.26686197916666665 0.23819444444444446 0.20056423611111107 0.26276041666666666
19 0.40529513888888885 0.2364800347222222 0.21510416666666674 0.23646918402777778
41 0.5548828124999999 0.22880859375 0.20946180555555557 0.24601779513888888
22 0.6980034722222221 0.24331597222222223 0.20399305555555536 0.22100694444444446
43 0.8362630208333334 0.25790473090277777 0.16592881944444451 0.16521267361111114
9 0.13287760416666666 0.5163357204861111 0.13650173611111113 0.17007378472222223
9 0.23417968750000004 0.5167914496527778 0.1390190972222222 0.16188151041666665
3 0.31864149305555556 0.5067057291666667 0.11219618055555558 0.17413194444444446
2 0.39157986111111115 0.5020779079861111 0.11979166666666667 0.17195095486111112
1 0.46085069444444443 0.5109592013888888 0.08723958333333333 0.14165581597222232
4 0.5208984375 0.49275716145833337 0.10247395833333339 0.1815972222222222
25 0.6242621527777777 0.5200575086805556 0.16276041666666666 0.13687065972222223
24 0.8199435763888889 0.5343695746527778 0.2302517361111113 0.1147786458333333
27 0.23999565972222223 0.6844563802083333 0.11037326388888886 0.13901909722222228
27 0.32406684027777777 0.7174424913194445 0.11848958333333333 0.12078993055555554
26 0.4078776041666667 0.7182888454861112 0.0763454861111111 0.09212239583333348
18 0.46525607638888894 0.7138726128472221 0.08945312500000006 0.09353298611111116
17 0.6001085069444444 0.7193413628472223 0.2046006944444446 0.10370008680555554
10 0.7865885416666667 0.7068142361111112 0.197265625 0.10150824652777768
12 0.2901692708333333 0.8764811197916667 0.09127604166666663 0.07022569444444438
14 0.3523003472222222 0.8561577690972222 0.09153645833333342 0.09506293402777777
15 0.4291232638888889 0.8660210503472222 0.0815104166666667 0.06990017361111112
11 0.4979166666666666 0.8439724392361111 0.09544270833333328 0.10249565972222219
13 0.5731987847222223 0.8474555121527778 0.08702256944444435 0.09539930555555554
16 0.6471137152777777 0.8501627604166666 0.08385416666666663 0.07435980902777795
33 0.8194661458333333 0.8576117621527778 0.24088541666666666 0.05914713541666661