5 0.15299093994140625 0.5174141686197916 0.0763499951171875 0.18976999544270834 0.01065674951171875 0.19540653190104165 0.090747900390625 0.53582851953125 0.15299093994140625 0.5174141686197916
8 0.212522154296875 0.50813729296875 0.1503734375 0.225398216796875 0.0892238388671875 0.2305829765625 0.15289424462890625 0.5242756842447917 0.212522154296875 0.50813729296875
8 0.209334513671875 0.5141859186197917 0.273246162109375 0.5141004557291667 0.2301168115234375 0.28105669986979165 0.19787159521484374 0.20966381380208332 0.16767286669921874 0.20934876822916668 0.15558001806640626 0.24637489583333336 0.209334513671875 0.5141859186197917
7 0.3214300971679688 0.4931887239583333 0.2810171748046875 0.27778673763020834 0.26354947119140626 0.24566072786458334 0.23574902392578126 0.24915083854166667 0.23050833349609376 0.30072072200520833 0.27277886865234374 0.502504021484375 0.3214300971679688 0.4931887239583333
7 0.370790509765625 0.4927586751302084 0.3405350014648437 0.3005279016927083 0.3149070419921875 0.23680223502604167 0.290154302734375 0.24189617708333333 0.28201362548828124 0.27141835611979165 0.32070525 0.5013211848958333 0.370790509765625 0.4927586751302084
6 0.47588200732421876 0.47335361197916664 0.4571284189453125 0.29162175716145833 0.42242926513671875 0.21178155403645835 0.339535474609375 0.2201992421875 0.33184318994140627 0.24407403059895835 0.3691907456054688 0.48664877278645835 0.47588200732421876 0.47335361197916664
6 0.619203341796875 0.26565475651041665 0.461080330078125 0.281977390625 0.47844860986328125 0.46862053059895836 0.6466669946289062 0.448311986328125 0.619203341796875 0.26565475651041665
0 0.15750601708984374 0.6526783255208334 0.12457941796875 0.66460864453125 0.1477640205078125 0.7691785572916667 0.18435416552734374 0.762853583984375 0.15750601708984374 0.6526783255208334
42 0.19611580859375 0.6048958138020833 0.14660921826171874 0.6161466477864583 0.1893650556640625 0.77399791015625 0.22511067724609374 0.7579054329427084 0.19611580859375 0.6048958138020833
32 0.3144850634765625 0.7263042877604167 0.28971113623046874 0.56967673046875 0.192726146484375 0.57752891015625 0.22569969677734375 0.7488907662760417 0.3144850634765625 0.7263042877604167
31 0.406674158203125 0.712984857421875 0.3795820126953125 0.52845832421875 0.2809576533203125 0.5427837532552083 0.31661748291015623 0.7273124941406249 0.406674158203125 0.712984857421875
31 0.47407774072265624 0.6981255084635416 0.45830914697265623 0.5090288274739584 0.37652446923828126 0.51716071875 0.40824401611328126 0.7146198509114584 0.47407774072265624 0.6981255084635416
28 0.50205078125 0.6444878472222223 0.08027343750000004 0.13741319444444441
29 0.5569986979166667 0.6351128472222222 0.07786458333333335 0.13784722222222237
30 0.6129069010416667 0.6254991319444444 0.07838541666666665 0.13854166666666679
23 0.236574666015625 1 0.31274347998046875 0.9771657063802084 0.270322236328125 0.7990157623697917 0.1688536552734375 0.8162695123697916 0.21109705859375 1 0.236574666015625 1
35 0.4210510751953125 0.9529670091145833 0.39252961328125 0.8137322519531249 0.283226177734375 0.8443032981770834 0.31674489501953124 0.9806832643229167 0.4210510751953125 0.9529670091145833
36 0.5289823325195312 0.9209715338541667 0.511735447265625 0.78755019921875 0.39994137255859374 0.8147863834635416 0.4204485615234375 0.9479818743489584 0.5289823325195312 0.9209715338541667
34 0.698443716796875 0.8873346289062499 0.6961209833984375 0.7566783828125 0.5116295263671875 0.7911429029947916 0.5282122885742188 0.9202507187500001 0.698443716796875 0.8873346289062499
38 0.6878142919921875 1 0.6852084814453125 0.972586326171875 0.5524136650390625 1 0.6878142919921875 1