21 0.059752986328125 0.147160333984375 0.04740920068359375 0.3886940696614583 0.11601483251953125 0.40088042643229166 0.1464099296875 0.15723354557291666 0.059752986328125 0.147160333984375
20 0.1515238447265625 0.16158222916666667 0.123190734375 0.3992677434895833 0.1990829296875 0.43069636393229166 0.2118794990234375 0.17426395182291665 0.1515238447265625 0.16158222916666667
19 0.2175833955078125 0.189733421875 0.21186071533203124 0.42489791666666665 0.2805451186523438 0.44772586848958335 0.29986545654296876 0.19876346028645833 0.2175833955078125 0.189733421875
41 0.30785316015625 0.188120060546875 0.2894798603515625 0.44190789778645834 0.37190382470703126 0.466445947265625 0.4049968291015625 0.21136497005208332 0.30785316015625 0.188120060546875
22 0.4181376923828125 0.19379898307291665 0.3832960966796875 0.46666728515624994 0.49186989892578126 0.4943185026041667 0.5262708203125 0.21994513736979168 0.4181376923828125 0.19379898307291665
43 0.5193051215820312 0.2932041751302083 0.49855865625 0.49496865624999997 0.5709706411132812 0.5141042942708333 0.5874723251953125 0.31128326171875 0.5193051215820312 0.2932041751302083
9 0.0446197041015625 0.49123531054687497 0.0623541416015625 0.6379705696614583 0.0900341962890625 0.6410675455729167 0.08947853515625 0.4975188385416667 0.0446197041015625 0.49123531054687497
9 0.103131068359375 0.501324970703125 0.108361712890625 0.6511101842447916 0.13428486669921874 0.6614221985677083 0.13876789990234376 0.5169125045572917 0.103131068359375 0.501324970703125
3 0.1505947421875 0.49309847265625 0.15558581591796874 0.669295650390625 0.1812579443359375 0.6818836881510416 0.17960539697265626 0.5000912076822916 0.1505947421875 0.49309847265625
2 0.18620576513671874 0.509696599609375 0.1890829013671875 0.6882124388020833 0.2206531015625 0.7007271315104168 0.22523788037109374 0.5168199934895833 0.18620576513671874 0.509696599609375
1 0.23017444970703124 0.547918349609375 0.22871172021484376 0.7031689055989583 0.2600613173828125 0.7098888938802084 0.2624870893554688 0.5512741998697916 0.23017444970703124 0.547918349609375
4 0.26925869873046876 0.5192346230468751 0.2684058481445312 0.7208392962239584 0.30416056689453125 0.729922517578125 0.3003224443359375 0.517802005859375 0.26925869873046876 0.5192346230468751
25 0.3152865 0.5879618268229166 0.319278720703125 0.7307474557291668 0.376452064453125 0.7525748385416667 0.390907033203125 0.6145092083333333 0.3152865 0.5879618268229166
24 0.4048648544921875 0.6703618092447917 0.3761890478515625 0.7611620305989583 0.5200803266601562 0.8171250703125 0.5372460546875 0.70581780859375 0.4048648544921875 0.6703618092447917
27 0.057718818359375 0.6813303157552083 0.0664221259765625 0.838131220703125 0.104037970703125 0.8512860624999999 0.09733839208984375 0.7006278092447916 0.057718818359375 0.6813303157552083
27 0.14214945166015625 0.75551159765625 0.10667620458984375 0.733924673828125 0.11103792333984375 0.8530487213541668 0.145521908203125 0.8717271979166666 0.14214945166015625 0.75551159765625
26 0.16164907666015624 0.79279405078125 0.1629848837890625 0.8743461106770832 0.18546310546875 0.8879057740885417 0.18206956103515626 0.79996526953125 0.16164907666015624 0.79279405078125
18 0.20338436083984374 0.8098375299479167 0.2070724169921875 0.89886649609375 0.2355040751953125 0.9141359342447917 0.2369869951171875 0.8237496132812501 0.20338436083984374 0.8098375299479167
17 0.28427418896484374 0.8414013352864583 0.25293485888671874 0.915379720703125 0.3570240888671875 0.9702610540364583 0.37567035107421876 0.8894770891927083 0.28427418896484374 0.8414013352864583
10 0.49945907421875 1 0.5039303916015625 0.9363458203125 0.3904428779296875 0.8967166692708334 0.3640094848632813 0.981240080078125 0.40123837109375 1 0.49945907421875 1
12 0.093760576171875 0.9373116829427084 0.07351932763671876 0.9941808059895832 0.11760780859375 0.9973845182291666 0.12754773828125 0.95499984765625 0.093760576171875 0.9373116829427084
14 0.161172658203125 1 0.16452431396484374 0.9543529069010416 0.12356243310546874 0.9558183430989583 0.1228050625 0.9977621796874999 0.1536012333984375 1 0.161172658203125 1
15 0.1988586826171875 1 0.19998095556640624 0.9894974173177083 0.16952043505859374 0.9813415305989582 0.16769331640625 1 0.1988586826171875 1