5 0.09223090277777778 0.19692804783950615 0.14171006944444445 0.390480324074074
8 0.18213433159722223 0.22158323688271606 0.12529296875 0.3805700231481482
8 0.2625651041666667 0.2369671103395062 0.11140407986111112 0.3733844521604938
7 0.3284776475694444 0.2770664544753087 0.09508463541666656 0.32253086419753085
7 0.3886990017361111 0.2898220486111111 0.08763020833333335 0.31826292438271603
6 0.4822265625 0.29378858024691357 0.1386176215277778 0.34157986111111116
6 0.6563422309027778 0.3744454089506173 0.21569010416666679 0.26998939043209874
0 0.07356228298611112 0.6029248649691358 0.054416232638888895 0.12618152006172836
42 0.12526584201388888 0.5777633101851851 0.06962890625000001 0.17308063271604932
32 0.2068576388888889 0.5729890046296297 0.12929687500000003 0.22282503858024683
31 0.3190972222222222 0.5804880401234568 0.1303168402777778 0.22417534722222232
31 0.42067057291666665 0.5998505015432098 0.09600694444444446 0.21858121141975304
28 0.4882269965277778 0.6566599151234568 0.07515190972222219 0.14865451388888898
29 0.5549370659722221 0.6654972029320988 0.06882595486111098 0.14899209104938263
30 0.6244140625000001 0.6793619791666666 0.07430555555555562 0.15251253858024683
23 0.11279839409722223 0.8197337962962963 0.15081380208333334 0.21023823302469147
35 0.2382107204861111 0.8428819444444445 0.13521050347222224 0.18086902006172836
36 0.36549479166666665 0.861231674382716 0.13809678819444438 0.17971161265432123
34 0.5428765190972222 0.8732518325617283 0.2289930555555555 0.2010995370370369
37 0.34677191840277777 0.9829945505401234 0.1069010416666667 0.034010898919753174
38 0.47833658854166666 0.990330825617284 0.14541015624999998 0.019338348765431945