21 0.11176215277777779 0.3493489583333333 0.15031828703703703 0.3088541666666667
20 0.27545046728515626 0.17917779622395832 0.15551754296875 0.20463585221354166 0.19752173828125 0.372385748046875 0.1888138076171875 0.46885925651041666 0.28714889111328123 0.45533836067708333 0.2676734907226562 0.26222850520833335 0.24446895166015625 0.20138954947916665 0.27414696337890626 0.19796963802083334 0.27545046728515626 0.17917779622395832
19 0.2694306201171875 0.25724723372395836 0.2864928935546875 0.38048257031250005 0.2839872495117188 0.448589142578125 0.3830454091796875 0.43918033203125 0.3619502065429688 0.3566474635416667 0.36010308203125 0.17394619140625 0.24674152099609375 0.2030841328125 0.2694306201171875 0.25724723372395836
41 0.46700426904296877 0.31021323828124997 0.4627765087890625 0.18509716861979167 0.47617127587890623 0.148969873046875 0.34367335498046875 0.164738265625 0.35904928173828127 0.171696423828125 0.37224861767578127 0.26922037109375 0.37628824609375 0.42321445182291667 0.493243833984375 0.4145155045572917 0.4696865478515625 0.3703890364583333 0.46700426904296877 0.31021323828124997
22 0.49073520458984377 0.235538548828125 0.4822914594726562 0.400893595703125 0.6170417294921875 0.38857562695312503 0.594538244140625 0.34669892708333333 0.5851004819335938 0.24436348046875 0.6101389326171875 0.09851020638020834 0.46160679296875 0.12884613346354165 0.49073520458984377 0.235538548828125
43 0.6800585043945313 0.346401568359375 0.6801728583984376 0.19357071354166666 0.6890411508789063 0.1616495546875 0.5966270361328125 0.18076553971354167 0.6135292631835938 0.37234504492187503 0.692312646484375 0.3674250833333333 0.6800585043945313 0.346401568359375
9 0.17160738818359375 0.6143294635416666 0.1168597177734375 0.6249179479166667 0.14673528759765625 0.7461548124999999 0.18724331201171876 0.7406840748697916 0.17160738818359375 0.6143294635416666
9 0.2342083505859375 0.6072248535156249 0.1825804228515625 0.6149657447916667 0.20813812109375 0.7359781901041668 0.2538953999023438 0.7304131647135416 0.2342083505859375 0.6072248535156249
3 0.2863738154296875 0.5819515384114583 0.24739787451171874 0.599876798828125 0.27183465234375 0.7276163040364584 0.3131070390625 0.7227507766927084 0.2863738154296875 0.5819515384114583
2 0.33769162255859375 0.563087017578125 0.2888126357421875 0.5733592890625 0.31372701611328124 0.7225334212239584 0.3608691162109375 0.7173560807291667 0.33769162255859375 0.563087017578125
1 0.3832608251953125 0.5864003229166667 0.343135306640625 0.5968525944010417 0.3656430751953125 0.718301951171875 0.401376955078125 0.7118857480468751 0.3832608251953125 0.5864003229166667
4 0.3888679409179687 0.5480978567708333 0.4044355541992187 0.7143058457031249 0.443889537109375 0.7065854244791666 0.42881399560546873 0.5459835240885417 0.3888679409179687 0.5480978567708333
25 0.52559790625 0.5461028678385417 0.4385266586914062 0.5600400598958334 0.4602380673828125 0.6947422324218749 0.5291838520507812 0.6862860585937499 0.52559790625 0.5461028678385417
24 0.6699557626953125 0.5697055260416667 0.5294939125976562 0.5991425149739583 0.5300715434570312 0.702563666015625 0.6904707231445313 0.6751419173177083 0.6699557626953125 0.5697055260416667
27 0.2044649296875 0.7974449967447916 0.1544942861328125 0.8015090885416667 0.19027629345703126 0.9525908912760417 0.2355579794921875 0.9480657864583333 0.2044649296875 0.7974449967447916
27 0.27055657763671875 0.8214210559895833 0.2207513369140625 0.8273626582031249 0.245953927734375 0.9435479212239583 0.292434337890625 0.942095302734375 0.27055657763671875 0.8214210559895833
26 0.29457831640625 0.849471765625 0.3054765439453125 0.9226800891927084 0.33775779296875 0.9340631529947917 0.32075524267578126 0.8448570240885417 0.29457831640625 0.849471765625
18 0.39104413671875 0.8402959010416667 0.349809892578125 0.8453783437500001 0.363715943359375 0.9319473763020834 0.40046185400390627 0.931287986328125 0.39104413671875 0.8402959010416667
17 0.4166657587890625 0.9186223118489583 0.5434171762695312 0.9169666217447916 0.5343717099609375 0.8206052584635417 0.4818339370117187 0.8512475325520833 0.41992428759765627 0.8229786087239583 0.4166657587890625 0.9186223118489583
10 0.5427880004882812 0.8104446334635417 0.5460003681640625 0.9204262356770833 0.687178572265625 0.8997431028645834 0.6677591806640625 0.793049435546875 0.6030683872070313 0.8331911666666666 0.5427880004882812 0.8104446334635417