5 0.19985995068359375 0.034457942708333335 0.1483370234375 0.0082858671875 0.12100150390625 0.26372715690104165 0.1782822265625 0.28104019921875 0.19985995068359375 0.034457942708333335
8 0.25934823828125 0.07570674544270833 0.20446271240234376 0.048255806640625 0.1782822265625 0.28104019921875 0.23101506884765624 0.29189915039062503 0.25934823828125 0.07570674544270833
8 0.3122801708984375 0.09568975130208333 0.26405180029296876 0.07624731966145833 0.23556301025390625 0.29835291927083335 0.2828183154296875 0.30768053059895834 0.3122801708984375 0.09568975130208333
7 0.36288832763671874 0.12797770052083332 0.31534249609375 0.1100102109375 0.28988918359375 0.3109530891927083 0.33394086328125 0.3219758899739583 0.36288832763671874 0.12797770052083332
7 0.41445922119140627 0.14498944466145833 0.37019154931640624 0.13001989453124999 0.33920258642578127 0.3195608684895833 0.3841674404296875 0.330838677734375 0.41445922119140627 0.14498944466145833
6 0.5116749692382813 0.09842754947916667 0.4461926474609375 0.08510138932291667 0.38617545263671876 0.3405636907552083 0.47359859375 0.361123404296875 0.5116749692382813 0.09842754947916667
6 0.7154854174804688 0.22537394726562499 0.5682586264648437 0.19068240104166667 0.5167208002929687 0.37706798697916666 0.68061237109375 0.41512415625000004 0.7154854174804688 0.22537394726562499
0 0.11178986279296875 0.4346484388020833 0.10290990625 0.49693869010416664 0.12732607421875 0.5050615026041666 0.12775752392578124 0.44170447981770833 0.11178986279296875 0.4346484388020833
42 0.1522382255859375 0.407497794921875 0.1348780703125 0.500695892578125 0.169103904296875 0.5128574518229166 0.17735326611328125 0.43354977669270833 0.1522382255859375 0.407497794921875
32 0.27707568115234377 0.3940710579427083 0.2011218818359375 0.358582080078125 0.176407125 0.5148996458333334 0.2508005546875 0.5382932395833333 0.27707568115234377 0.3940710579427083
31 0.3773627065429688 0.3923184140625 0.28887444677734375 0.35831279622395834 0.26427837158203127 0.538175677734375 0.34483003662109374 0.5645866315104167 0.3773627065429688 0.3923184140625
31 0.4663625791015625 0.419796396484375 0.3874211469726562 0.38994935742187503 0.348929693359375 0.5683236901041667 0.411438876953125 0.5935761328125 0.4663625791015625 0.419796396484375
28 0.49482871435546877 0.5184388404947916 0.44374759765625 0.50519604296875 0.4267427412109375 0.5939688463541667 0.4760395439453125 0.607753673828125 0.49482871435546877 0.5184388404947916
29 0.557819326171875 0.536052857421875 0.5039773041992187 0.5107093678385416 0.481965125 0.6120016549479167 0.5278095278320313 0.6338894752604166 0.557819326171875 0.536052857421875
30 0.6196478110351562 0.5598192779947917 0.5624453051757813 0.5319137734375 0.5426483842773437 0.6367431744791666 0.5912649072265626 0.6490424388020833 0.6196478110351562 0.5598192779947917
23 0.1879314091796875 0.5951052421874999 0.10777295166015625 0.5666121575520834 0.0802703671875 0.723696455078125 0.16923727734375 0.7615286009114582 0.1879314091796875 0.5951052421874999
35 0.2987084345703125 0.6701272988281249 0.18894322705078126 0.6330058092447917 0.17805526806640626 0.7542764401041667 0.27596859375 0.7803605319010417 0.2987084345703125 0.6701272988281249
36 0.4089374501953125 0.7022462330729167 0.30133474951171874 0.6676705748697916 0.2837201611328125 0.7851191119791667 0.384803609375 0.8198623684895834 0.4089374501953125 0.7022462330729167
34 0.6140758588867188 0.7712679889322916 0.4165891806640625 0.6998990833333334 0.3982814262695312 0.8197448072916668 0.5771779223632812 0.8801332194010416 0.6140758588867188 0.7712679889322916
39 0.07215575244140625 0.8188299908854167 0.067340224609375 0.8820746992187499 0.1533916669921875 0.9061371979166667 0.16039466162109375 0.8477935468750001 0.07215575244140625 0.8188299908854167
40 0.1737166142578125 0.8472293776041666 0.16623942431640626 0.909729806640625 0.252341701171875 0.9338065201822916 0.26264023779296874 0.8763843997395834 0.1737166142578125 0.8472293776041666
37 0.27934166650390624 0.8541079075520833 0.2686696889648437 0.938372302734375 0.3562412875976563 0.9628598828125 0.37340078662109377 0.885333505859375 0.27934166650390624 0.8541079075520833
38 0.3779592451171875 0.910814865234375 0.3696234677734375 0.9666019309895834 0.44060747998046873 0.98645113671875 0.5153403598632813 0.9842368287760417 0.522552865234375 0.96072296875 0.3779592451171875 0.910814865234375