5 0.0751953125 0.22721354166666666 0.0966796875 0.4186197916666667
8 0.16845703125 0.2571614583333333 0.08447265625 0.365234375
8 0.24951171875 0.2571614583333333 0.0712890625 0.3606770833333333
7 0.3193359375 0.2845052083333333 0.060546875 0.3118489583333333
7 0.38037109375 0.2858072916666667 0.05322265625 0.30859375
6 0.47314453125 0.2721354166666667 0.1025390625 0.3229166666666667
6 0.654296875 0.3190104166666667 0.189453125 0.234375
0 0.103515625 0.654296875 0.041015625 0.11848958333333333
42 0.15185546875 0.6197916666666666 0.05126953125 0.16341145833333334
32 0.23193359375 0.599609375 0.10693359375 0.203125
31 0.34375 0.5859375 0.107421875 0.20442708333333334
31 0.4462890625 0.5859375 0.0732421875 0.205078125
28 0.51953125 0.6295572916666666 0.06005859375 0.13736979166666666
29 0.58642578125 0.6256510416666666 0.05322265625 0.13932291666666666
30 0.65673828125 0.6263020833333334 0.05859375 0.14192708333333334
23 0.16650390625 0.861328125 0.13037109375 0.18619791666666666
35 0.29296875 0.8606770833333334 0.11767578125 0.15885416666666666
36 0.4208984375 0.8548177083333334 0.12060546875 0.15755208333333334
34 0.59765625 0.8333333333333334 0.2109375 0.16145833333333334
37 0.416748046875 0.9856770833333334 0.10400390625 0.028645833333333332
38 0.549072265625 0.982421875 0.14208984375 0.03515625