5 0.12878327546296295 0.3380256558641976 0.12312282986111112 0.4046875000000001
8 0.20636754918981481 0.3537495177469136 0.10492259837962958 0.3483506944444444
8 0.27310655381944443 0.3384307484567901 0.10472728587962965 0.3307725694444444
7 0.33788700810185185 0.34463975694444443 0.09497251157407405 0.2876205632716049
7 0.3917444299768519 0.33478491512345676 0.08748914930555562 0.27315297067901234
6 0.4617531105324074 0.30605227623456793 0.12375940393518525 0.2862364969135803
6 0.6000524450231481 0.3137393904320988 0.1982602719907407 0.22522183641975305
0 0.18106634716796874 0.68375414453125 0.15171541796875 0.6904555201822916 0.1686833720703125 0.815614169921875 0.20910605859375 0.80625730859375 0.18106634716796874 0.68375414453125
42 0.20808703955078126 0.7984310403645832 0.24890824169921874 0.7818156920572917 0.2416072734375 0.7154255651041667 0.2163591162109375 0.6195226399739583 0.19077151806640624 0.6241773763020834 0.1859972783203125 0.6906749010416666 0.20808703955078126 0.7984310403645832
32 0.22679463134765626 0.6480871588541667 0.2504970830078125 0.7733857682291667 0.3482670810546875 0.745379646484375 0.3257868671875 0.5572532109375 0.2959747426757813 0.5604105833333334 0.22394440576171876 0.57977122265625 0.22679463134765626 0.6480871588541667
31 0.3277227080078125 0.5566449967447916 0.34710754638671876 0.7313155696614584 0.442296759765625 0.7092816002604166 0.41948108349609375 0.5031028893229167 0.36336265283203123 0.5053971093749999 0.31358193994140626 0.5357317975260417 0.3277227080078125 0.5566449967447916
31 0.5101613881835938 0.68371864453125 0.49821702978515625 0.4759224166666667 0.419120921875 0.495178154296875 0.441902447265625 0.6959359635416668 0.5101613881835938 0.68371864453125
28 0.5716468447265625 0.6659033170572917 0.5610115024414063 0.542954755859375 0.49958464453125 0.5509028971354167 0.51078613671875 0.6781996022135416 0.5716468447265625 0.6659033170572917
29 0.6112327592773438 0.5314774615885417 0.5626276635742188 0.539893271484375 0.5698628056640626 0.6573582259114583 0.6162940405273437 0.652881203125 0.6112327592773438 0.5314774615885417
30 0.665802384765625 0.5121294895833334 0.61050742578125 0.520748134765625 0.6163526401367188 0.6430140169270834 0.6677457978515625 0.6302218548177083 0.665802384765625 0.5121294895833334
23 0.33105194384765624 0.9936801809895833 0.305595287109375 0.9128462682291666 0.29730637646484376 0.8233946276041667 0.175484974609375 0.8730104485677083 0.18725438232421876 0.8963456022135418 0.210262673828125 0.9960661419270833 0.33105194384765624 0.9936801809895833
35 0.4033435200195313 0.99225219921875 0.44374183349609375 0.9731349557291668 0.4292260083007812 0.8165145455729167 0.406152412109375 0.8340309765625 0.30614174853515624 0.8706175677083333 0.33360188037109373 0.9936298118489583 0.4033435200195313 0.99225219921875
36 0.5406345205078125 0.769457755859375 0.4325440986328125 0.82523456640625 0.44683384228515627 0.9607737975260416 0.5536495551757813 0.914549857421875 0.5406345205078125 0.769457755859375
34 0.7026485908203125 0.8415413144531251 0.710263134765625 0.6988499459635417 0.5435291513671875 0.7646082799479167 0.5534814326171875 0.9029433391927083 0.7026485908203125 0.8415413144531251