20 0.21435546875 0.21549479166666666 0.1357421875 0.3190104166666667
19 0.33984375 0.22265625 0.10791015625 0.2916666666666667
22 0.4697265625 0.216796875 0.1494140625 0.3157552083333333
41 0.60498046875 0.20768229166666666 0.12060546875 0.3079427083333333
43 0.7080078125 0.263671875 0.07958984375 0.21484375
9 0.0732421875 0.6119791666666666 0.08544921875 0.22786458333333334
9 0.16064453125 0.6145833333333334 0.08447265625 0.228515625
3 0.23828125 0.6048177083333334 0.06103515625 0.24674479166666666
2 0.306640625 0.60546875 0.0673828125 0.25390625
1 0.3671875 0.62890625 0.0458984375 0.2109375
4 0.42041015625 0.6002604166666666 0.05224609375 0.2701822916666667
25 0.5009765625 0.634765625 0.09716796875 0.17643229166666666
24 0.6416015625 0.6731770833333334 0.16845703125 0.115234375
27 0.083984375 0.9020182291666666 0.076171875 0.19596354166666666
27 0.16357421875 0.9098307291666666 0.0732421875 0.18033854166666666
26 0.23974609375 0.9401041666666666 0.052734375 0.11979166666666667
18 0.3212890625 0.9313151041666666 0.052734375 0.13736979166666666
17 0.440673828125 0.9401041666666666 0.15478515625 0.11979166666666667
10 0.607666015625 0.9401041666666666 0.17041015625 0.11979166666666667
21 0.07373046875 0.21223958333333334 0.134765625 0.3079427083333333