8 0.10216038818359376 0 0.09890025537109375 0.31757176302083334 0.16212806884765624 0.32919121484374997 0.15928681787109375 0.005954456380208334 0.119444267578125 0 0.10216038818359376 0
8 0.1668379541015625 0.04839715234375 0.16032773974609374 0.32565752539062504 0.21263539404296875 0.3369959049479167 0.21161832177734374 0.05397856705729167 0.1668379541015625 0.04839715234375
8 0.2246559267578125 0.05061957161458333 0.2211581171875 0.33960527929687495 0.2778025859375 0.34864413671875 0.2811006953125 0.058322282552083334 0.2246559267578125 0.05061957161458333
7 0.3965166650390625 0.102202029296875 0.3471294130859375 0.09498929166666666 0.3310419091796875 0.3534160006510417 0.37450134326171874 0.360997455078125 0.3965166650390625 0.102202029296875
6 0.4103479326171875 0.09197497851562501 0.3824166625976563 0.36076059309895836 0.5053976455078125 0.35600959375 0.540403529296875 0.10643079752604166 0.4103479326171875 0.09197497851562501
6 0.5379027036132813 0.18274197721354168 0.503851751953125 0.365843298828125 0.6888562573242187 0.3862880260416666 0.7119829311523438 0.20320476692708334 0.5379027036132813 0.18274197721354168
30 0.5788419750976562 0.5264519563802084 0.5601124653320313 0.63342994140625 0.62569184765625 0.6451233919270833 0.6398877421875 0.5227476477864583 0.5788419750976562 0.5264519563802084
29 0.5137985107421875 0.5050968190104167 0.5001930830078125 0.618471283203125 0.5509175532226562 0.6340813528645833 0.572249017578125 0.5213867858072917 0.5137985107421875 0.5050968190104167
28 0.4524321591796875 0.4964741595052083 0.4380320771484375 0.604229845703125 0.49696200830078124 0.6225605338541667 0.5117222319335938 0.503581890625 0.4524321591796875 0.4964741595052083
31 0.4341595458984375 0.5979683509114583 0.468018408203125 0.40926762434895836 0.3808610078125 0.3918545325520833 0.36296196142578124 0.587743193359375 0.4341595458984375 0.5979683509114583
31 0.27673743603515627 0.5743242180989584 0.35672029296875 0.583576712890625 0.373727162109375 0.40329387499999997 0.28583330615234376 0.39524831705729163 0.27673743603515627 0.5743242180989584
32 0.26417722412109373 0.5751593541666666 0.2755338583984375 0.41523079296875 0.19195493701171876 0.39988069140625 0.18268053662109374 0.5650416295572916 0.26417722412109373 0.5751593541666666
42 0.14371571142578124 0.42169653385416667 0.139929078125 0.5614287721354166 0.18059076904296875 0.5675894707031249 0.18598105029296874 0.4303453912760417 0.14371571142578124 0.42169653385416667
0 0.139358451171875 0.4629881653645833 0.10695386181640625 0.4609699498697917 0.10338828857421875 0.5662836360677083 0.1383249736328125 0.5712560455729166 0.139358451171875 0.4629881653645833
36 0.1163106396484375 0.6195129765624999 0.1106068642578125 0.7915853528645833 0.2030763671875 0.7995809401041667 0.20542911572265626 0.6375457864583333 0.1163106396484375 0.6195129765624999
35 0.2098983798828125 0.665274193359375 0.209279009765625 0.8052686608072918 0.316950828125 0.8154998691406251 0.31945766015625 0.6884976373697916 0.2098983798828125 0.665274193359375
36 0.32992216943359376 0.6864546582031249 0.320160955078125 0.8275266940104166 0.42475312548828126 0.8346384589843749 0.4391211484375 0.68893791796875 0.32992216943359376 0.6864546582031249
34 0.6517125991210938 0.734107544921875 0.45707784228515624 0.7030066881510417 0.43397023681640623 0.8339895013020833 0.6200171743164062 0.8728913085937501 0.6517125991210938 0.734107544921875
38 0.4263234516601562 0.9196208326822917 0.41940914697265624 0.9790332825520833 0.48034708203125 0.985767494140625 0.5713385205078125 0.9830714511718751 0.5803843046875 0.9382057988281249 0.4263234516601562 0.9196208326822917
37 0.3261109296875 0.8684208457031249 0.317729494140625 0.9677967298177084 0.40934178125 0.9779207441406249 0.4250499775390625 0.8803111647135416 0.3261109296875 0.8684208457031249
40 0.21640265966796876 0.8840871907552083 0.21476827392578124 0.9564185520833334 0.30943363525390627 0.9668799596354166 0.31517451806640623 0.8898368704427083 0.21640265966796876 0.8840871907552083
39 0.10935968408203126 0.8711463613281251 0.1123960224609375 0.9451054609375 0.20173730029296874 0.9549785071614583 0.20041637060546874 0.8821552988281249 0.10935968408203126 0.8711463613281251
7 0.34028411328125 0.093208693359375 0.28820490869140625 0.090977720703125 0.2810122470703125 0.350110412109375 0.3275070234375 0.35080187174479166 0.34028411328125 0.093208693359375