20 0.22909613715277777 0.20711564429012344 0.15341796875000002 0.3354311342592593
19 0.3543619791666667 0.22923900462962965 0.12412109375000002 0.304711612654321
22 0.4845431857638889 0.23892023533950615 0.16704644097222232 0.33350212191358025
41 0.6198025173611111 0.2459249614197531 0.13758680555555558 0.32228973765432095
43 0.7216851128472221 0.31405526620370366 0.09155815972222214 0.22439236111111108
9 0.07903645833333334 0.5854552469135802 0.09813368055555555 0.2383777006172839
9 0.16634114583333334 0.5985484182098766 0.09716796875 0.23898051697530853
3 0.24439019097222223 0.5978491512345679 0.0749782986111111 0.2541473765432099
2 0.31259765625 0.6067467206790124 0.08145616319444438 0.26227334104938266
1 0.37262912326388886 0.6373577353395062 0.057758246527777724 0.21621817129629614
4 0.426416015625 0.6152946566358025 0.06754557291666674 0.27654803240740744
25 0.5061848958333333 0.6592399691358025 0.10705295138888893 0.18807870370370358
24 0.6459038628472222 0.7142771026234568 0.17496744791666674 0.13548900462962976
27 0.08338758680555555 0.8757957175925926 0.08733723958333334 0.20531925154320993
27 0.16271158854166667 0.8930483217592592 0.08315972222222223 0.1888503086419752
26 0.2382541232638889 0.9322313850308642 0.05917968750000002 0.12586805555555566
18 0.3199924045138889 0.9307966820987654 0.06044921874999998 0.13840663580246915
17 0.43892144097222224 0.9433834876543209 0.16134982638888895 0.11323302469135814
10 0.606005859375 0.9528477044753086 0.1767903645833333 0.09430459104938264
21 0.08874240451388889 0.18717447916666666 0.15176866319444446 0.32429108796296297