21 0.11689384912109375 0.4039431217447917 0.14271502978515624 0.15822420638020832 0.05596329345703125 0.15445006640625 0.0481346728515625 0.3967460319010417 0.11689384912109375 0.4039431217447917
20 0.2004285712890625 0.42770965625 0.20843179541015625 0.17049041015625 0.147904513671875 0.16219907421875 0.124031994140625 0.4018101848958333 0.2004285712890625 0.42770965625
19 0.28212078369140625 0.4388134921875 0.296780009765625 0.18858630924479167 0.21441790673828126 0.185537037109375 0.2130845732421875 0.4209864420572917 0.28212078369140625 0.4388134921875
41 0.37373040673828123 0.45088822721354166 0.40203348193359373 0.193545634765625 0.304560763671875 0.17736871679687502 0.2909375 0.4323498678385416 0.37373040673828123 0.45088822721354166
22 0.4940873017578125 0.47003273828125 0.5233373017578125 0.19331349218750002 0.4148328374023437 0.175035052734375 0.38511458349609373 0.4502820768229167 0.4940873017578125 0.47003273828125
43 0.5734719741210937 0.4840628307291666 0.5861755952148437 0.2801560846354167 0.5177445434570312 0.26703769856770837 0.500781001953125 0.4701967591145833 0.5734719741210937 0.4840628307291666
9 0.09541790673828125 0.64588359765625 0.092187251953125 0.5024550266927084 0.0472594248046875 0.4994328704427083 0.0677098212890625 0.644798611328125 0.09541790673828125 0.64588359765625
9 0.14000049609375 0.6630132272135417 0.14178521826171875 0.5182582669270833 0.10589608154296876 0.5052675266927084 0.1139129462890625 0.6545896165364583 0.14000049609375 0.6630132272135417
3 0.1873045634765625 0.68005191796875 0.182265376953125 0.4984804895833333 0.153155505859375 0.493598544921875 0.16142534716796875 0.6693353177083333 0.1873045634765625 0.68005191796875
2 0.2270086806640625 0.6960238092447916 0.22816071435546875 0.5118859127604166 0.1890376982421875 0.5076011907552084 0.19523908740234375 0.6858088626302083 0.2270086806640625 0.6960238092447916
1 0.26654538671875 0.7023184524739583 0.2660121528320312 0.5436157408854166 0.233671626953125 0.5426084654947917 0.23510416650390625 0.6978789680989584 0.26654538671875 0.7023184524739583
4 0.31097073388671875 0.7191382272135417 0.30318303564453125 0.5074143515625 0.2721793154296875 0.5111021822916667 0.2750850693359375 0.71265674609375 0.31097073388671875 0.7191382272135417
25 0.38360689501953127 0.7365277779947917 0.39547296630859374 0.5974890872395834 0.319438740234375 0.5764484127604167 0.32608804541015624 0.7188647486979166 0.38360689501953127 0.7365277779947917
24 0.5282842260742188 0.790611111328125 0.5433568950195312 0.6781190475260416 0.41045684521484377 0.6522969576822917 0.38350421630859377 0.745129298828125 0.5282842260742188 0.790611111328125
27 0.11332490087890625 0.8549682539062501 0.10382440478515625 0.704880291015625 0.06388764892578125 0.6884708997395833 0.07550421630859375 0.8445525794270834 0.11332490087890625 0.8549682539062501
27 0.1203501982421875 0.8562215605468749 0.15514533740234376 0.8723852513020834 0.1496103671875 0.7564791666666667 0.1137728173828125 0.7374804895833332 0.1203501982421875 0.8562215605468749
26 0.19534523828125 0.8856541002604167 0.19031622021484376 0.7980089283854167 0.16978397802734374 0.7923247356770834 0.17263839306640624 0.8737344576822917 0.19534523828125 0.8856541002604167
18 0.2458214287109375 0.9082354498697917 0.2456180556640625 0.8177916666666666 0.21179216259765626 0.8063277115885418 0.21713566455078126 0.8950393515625 0.2458214287109375 0.9082354498697917
17 0.3682571923828125 0.9555039680989584 0.38537772802734377 0.8734107141927083 0.29318353173828127 0.8319993385416667 0.2632566962890625 0.9082126321614584 0.3682571923828125 0.9555039680989584
10 0.5098052202148438 1 0.514373759765625 0.9109384921875 0.40026934521484375 0.8795734127604167 0.37543973193359376 0.9659695768229167 0.4550530673828125 1 0.5098052202148438 1
12 0.12960329638671875 1 0.1387425595703125 0.9569169973958332 0.10466195458984374 0.9416924602864584 0.0855023974609375 1 0.12960329638671875 1
14 0.17314022216796876 1 0.17566741064453126 0.9535849869791666 0.13477678564453124 0.958024470703125 0.13480201416015625 1 0.17314022216796876 1
15 0.21052824951171875 1 0.2117410712890625 0.9861349205729167 0.18116121044921876 0.9801957669270833 0.17960331640625 1 0.21052824951171875 1