21 0.14876339306640626 0.402185515625 0.1705843251953125 0.11204067447916666 0.03395833349609375 0.09702380924479166 0.03983283740234375 0.39535515885416667 0.14876339306640626 0.402185515625
20 0.26450992041015625 0.42144279101562504 0.263998263671875 0.13462466927083333 0.17625992041015626 0.12074074088541666 0.1597259423828125 0.397132275390625 0.26450992041015625 0.42144279101562504
19 0.3722844741210937 0.4332761243489583 0.38919742041015626 0.16466666666666666 0.2749007934570312 0.14984788346354166 0.27520089306640627 0.41964880924479164 0.3722844741210937 0.4332761243489583
41 0.4724002978515625 0.44391336002604165 0.5018013393554688 0.17643253971354167 0.3986061508789063 0.15308201041666666 0.37584722216796873 0.432854828125 0.4724002978515625 0.44391336002604165
22 0.6035657241210938 0.4588501985677083 0.5918673115234375 0.2960069446614583 0.6428851684570313 0.18106911393229166 0.509375 0.16170634895833333 0.48391889892578127 0.44348809505208336 0.6035657241210938 0.4588501985677083
43 0.6794412202148438 0.469163029296875 0.7070860615234374 0.26809126953125 0.6200553076171875 0.26100826692708334 0.6156021826171875 0.457944775390625 0.6794412202148438 0.469163029296875
9 0.11904216259765625 0.6934464283854167 0.11011979150390624 0.5162767858072916 0.05024752001953125 0.5153042330729166 0.0630071923828125 0.6851378971354167 0.11904216259765625 0.6934464283854167
9 0.18377033740234375 0.7020621692708334 0.1835399306640625 0.5321779101562499 0.124513888671875 0.5271626985677084 0.13640178564453126 0.695547619140625 0.18377033740234375 0.7020621692708334
3 0.24576835302734376 0.7086316139322917 0.2466178076171875 0.514786044921875 0.19647321435546874 0.5120701061197916 0.1986240078125 0.7036458333333333 0.24576835302734376 0.7086316139322917
2 0.2944444443359375 0.7180224869791667 0.30380257958984375 0.5200036373697917 0.25226190478515625 0.5174603177083333 0.24587252001953125 0.7131458333333334 0.2944444443359375 0.7180224869791667
1 0.34238789697265626 0.7209702382812501 0.3452872021484375 0.5570152115885417 0.305625 0.555191798828125 0.29945039697265624 0.7144725527343749 0.34238789697265626 0.7209702382812501
4 0.385423115234375 0.7295902779947917 0.40134127001953124 0.5124867727864583 0.353328373046875 0.5131481484375 0.3483603671875 0.7253832669270833 0.385423115234375 0.7295902779947917
25 0.43598164697265623 0.7417896822916666 0.478407490234375 0.7347529759114583 0.4974459326171875 0.591419642578125 0.4050744047851563 0.5778306881510417 0.40107266845703127 0.7194457669270834 0.43598164697265623 0.7417896822916666
24 0.6311125991210937 0.7600869707031249 0.6218524306640625 0.653314484375 0.49401289697265627 0.6446693118489583 0.4797276787109375 0.75301256640625 0.6311125991210937 0.7600869707031249
27 0.1257646328125 0.9212291666666667 0.11816889892578125 0.7529745371093749 0.06468253955078125 0.7481613756510416 0.07277108154296875 0.9136240078125 0.1257646328125 0.9212291666666667
27 0.182952380859375 0.9287080026041666 0.18401041650390626 0.7973131614583333 0.130173611328125 0.792361111328125 0.1359627978515625 0.9227242063802082 0.182952380859375 0.9287080026041666
26 0.2339310517578125 0.9347721562500001 0.2368965771484375 0.8387926588541667 0.200515873046875 0.8279365078124999 0.199672619140625 0.9210773808593751 0.2339310517578125 0.9347721562500001
18 0.2637802578125 0.9404358463541667 0.30665128955078125 0.9455314153645834 0.3082242065429687 0.8470505950520834 0.2676240078125 0.840873015625 0.2637802578125 0.9404358463541667
17 0.32298933544921876 0.9434679231770833 0.44665054541015625 0.9594533730468751 0.4529072421875 0.8647959654947917 0.396733134765625 0.8841755950520834 0.3436259921875 0.8451851848958333 0.32298933544921876 0.9434679231770833
10 0.45289459326171877 0.9653025794270834 0.5898554067382813 0.97884126953125 0.577563244140625 0.8671795638020834 0.5190203374023438 0.8885972220052083 0.4632886904296875 0.864589947265625 0.45289459326171877 0.9653025794270834