5 0.07763671875 0.3190104166666667 0.083984375 0.3444010416666667
8 0.14892578125 0.3430989583333333 0.0556640625 0.3014322916666667
8 0.21533203125 0.3444010416666667 0.06982421875 0.298828125
7 0.28125 0.3684895833333333 0.052734375 0.2662760416666667
7 0.33935546875 0.37109375 0.04833984375 0.26171875
6 0.43359375 0.3561197916666667 0.12646484375 0.2819010416666667
6 0.60302734375 0.4029947916666667 0.19287109375 0.21744791666666666
42 0.138671875 0.642578125 0.04296875 0.13997395833333334
32 0.2080078125 0.634765625 0.08837890625 0.15755208333333334
31 0.30859375 0.625 0.08203125 0.17447916666666666
31 0.40625 0.6328125 0.06591796875 0.177734375
28 0.47119140625 0.66796875 0.0537109375 0.11979166666666667
29 0.5341796875 0.6673177083333334 0.048828125 0.115234375
30 0.595703125 0.67578125 0.05224609375 0.13346354166666666
23 0.14892578125 0.8450520833333334 0.10888671875 0.16861979166666666
35 0.25927734375 0.8515625 0.10400390625 0.15234375
36 0.37890625 0.853515625 0.107421875 0.14908854166666666
34 0.53662109375 0.8587239583333334 0.18798828125 0.15690104166666666
39 0.1630859375 0.9856770833333334 0.1123046875 0.028645833333333332
40 0.2734375 0.9860026041666666 0.1015625 0.027994791666666668
37 0.378173828125 0.9820963541666666 0.09521484375 0.035807291666666664
0 0.095703125 0.6712239583333334 0.0380859375 0.10481770833333333