21 0.14272197412109375 0.392851521484375 0.16465377001953124 0.12083300260416667 0.040827380859375 0.09858167968749999 0.03712450390625 0.38093055533854164 0.14272197412109375 0.392851521484375
20 0.25928521826171874 0.4123587962239583 0.2572544643554687 0.12896130924479168 0.17427802587890626 0.12295601822916667 0.14922023828125 0.39881216927083335 0.25928521826171874 0.4123587962239583
19 0.25887921630859373 0.39827050260416663 0.3470124008789062 0.41994510611979163 0.3612274306640625 0.156596560546875 0.26751091259765625 0.14976818815104168 0.25887921630859373 0.39827050260416663
41 0.35513516845703125 0.42482208984375003 0.46316939501953125 0.43349173307291666 0.4867256943359375 0.16960152148437502 0.3698839287109375 0.14895568815104168 0.35513516845703125 0.42482208984375003
43 0.5982437998046874 0.24221197070312497 0.5852472719726562 0.440536044921875 0.6579469248046875 0.4540830026041667 0.6898000991210937 0.2545787037760417 0.5982437998046874 0.24221197070312497
24 0.6096140874023438 0.7471289680989583 0.6063648315429687 0.6436319446614583 0.4772113095703125 0.6219573411458333 0.4679915673828125 0.7176954361979168 0.6096140874023438 0.7471289680989583
25 0.45771627001953125 0.718410052734375 0.4755865576171875 0.5742728177083333 0.3899930556640625 0.56657308203125 0.38623487109375 0.7157007272135417 0.45771627001953125 0.718410052734375
4 0.33099950390625 0.70919808203125 0.37608134912109376 0.7178680553385416 0.3927333828125 0.49895271158854165 0.3394156748046875 0.4950744049479167 0.33099950390625 0.70919808203125
1 0.2842929067382812 0.7037794309895834 0.32896875 0.70919808203125 0.331811755859375 0.5341742727864583 0.29310416650390625 0.5340737434895834 0.2842929067382812 0.7037794309895834
2 0.2830744047851563 0.7064887565104166 0.29079117041015623 0.49570171940104163 0.24313616064453125 0.49019940494791664 0.2379925595703125 0.70215376953125 0.2830744047851563 0.7064887565104166
3 0.2367740576171875 0.6967351191406249 0.2420540673828125 0.48919907421875 0.19804340283203126 0.4853244049479167 0.19250446435546875 0.6929421295572916 0.2367740576171875 0.6967351191406249
9 0.1851939482421875 0.68427215625 0.18966145849609375 0.49895271158854165 0.12796651806640624 0.4893869049479167 0.13117683544921874 0.673976521484375 0.1851939482421875 0.68427215625
9 0.1224134423828125 0.6701835319010416 0.11144742041015625 0.49407605794270837 0.0566708828125 0.48613690494791667 0.0647408232421875 0.6696418652343751 0.1224134423828125 0.6701835319010416
27 0.1268809521484375 0.8890370371093751 0.1134781748046875 0.7248505292968751 0.06758382958984376 0.7140132272135417 0.07773759912109375 0.8738647486979166 0.1268809521484375 0.8890370371093751
27 0.18699007958984376 0.9004163359375 0.1813040673828125 0.7741607141927083 0.13162252001953126 0.7631944446614584 0.13419146826171874 0.891204365234375 0.18699007958984376 0.9004163359375
26 0.2369459326171875 0.9139629628906251 0.2336966767578125 0.7963773151041668 0.19804340283203126 0.7932566139322916 0.19795610107421874 0.911795634765625 0.2369459326171875 0.9139629628906251
18 0.2978673115234375 0.922090939453125 0.2950245537109375 0.8191359127604166 0.25776091259765627 0.8095062832031249 0.25644072412109375 0.9193816139322917 0.2978673115234375 0.922090939453125
17 0.43230109130859373 0.9421402115885417 0.4367686010742188 0.8451455026041667 0.33401413671875 0.8142589283854167 0.31382242041015623 0.9061917988281251 0.43230109130859373 0.9421402115885417
10 0.574451388671875 0.9708594576822916 0.561454861328125 0.8516481484375 0.4517958828125 0.833224537109375 0.4417889384765625 0.9386914680989583 0.574451388671875 0.9708594576822916
14 0.19714384912109376 1 0.19714384912109376 0.976215939453125 0.14929414697265625 0.9793154759114584 0.14937393896484374 1 0.19714384912109376 1
22 0.5836225200195313 0.444329365234375 0.6213940971679688 0.17122685156249998 0.4881004462890625 0.15058068815104167 0.46299801611328123 0.43186640234375 0.5836225200195313 0.444329365234375