21 0 0.23840390104166667 0.0237439326171875 0.4907500670572917 0.14929183837890625 0.48116336197916665 0.15381805908203125 0.186985978515625 0 0.18673401302083334 0 0.23840390104166667
20 0.2684285419921875 0.47135269661458334 0.281345802734375 0.2080278444010417 0.1554506953125 0.19391939127604166 0.15893262939453126 0.479260076171875 0.2684285419921875 0.47135269661458334
19 0.36973576708984374 0.4682566647135417 0.3826991435546875 0.20932512630208333 0.28445063671875 0.21940836067708333 0.2783466669921875 0.46593677278645834 0.36973576708984374 0.4682566647135417
41 0.38331187646484377 0.22365087369791667 0.3780063227539063 0.4689216790364583 0.470560646484375 0.4661669283854167 0.48488796630859377 0.21983879817708332 0.38331187646484377 0.22365087369791667
22 0.5857357924804687 0.214493705078125 0.48317860791015627 0.20555554752604166 0.47997155615234377 0.45834228385416664 0.584497611328125 0.4492744654947917 0.5857357924804687 0.214493705078125
43 0.6444375131835938 0.44461585091145833 0.6522067514648437 0.2633505748697917 0.5878304697265625 0.2801385110677083 0.5905030219726563 0.44522715429687504 0.6444375131835938 0.44461585091145833
24 0.6201387036132813 0.7116592115885417 0.5945961259765625 0.6207416438802084 0.49347667724609373 0.6458660930989583 0.5008770771484375 0.7416155781249999 0.6201387036132813 0.7116592115885417
25 0.41380045947265626 0.5974808111979167 0.41597221630859377 0.7379427109375 0.4818865971679688 0.7303061549479167 0.49242625439453125 0.5908995 0.41380045947265626 0.5974808111979167
4 0.40609200439453125 0.7447664713541666 0.40440376025390623 0.53818856640625 0.3621987998046875 0.5383505162760417 0.36188179150390626 0.74627318359375 0.40609200439453125 0.7447664713541666
1 0.31808914453125 0.7592666842447917 0.3599737451171875 0.7541323561197917 0.35977040283203127 0.5853276608072916 0.3207467958984375 0.5883105735677083 0.31808914453125 0.7592666842447917
2 0.25729025634765623 0.5628556490885417 0.26396104150390626 0.7694666302083334 0.3151477734375 0.7651490136718749 0.3156902294921875 0.5595333834635416 0.25729025634765623 0.5628556490885417
3 0.21027194775390626 0.7777002708333334 0.26137857421875 0.7721393138020832 0.25401033203125 0.5694286295572917 0.2103229052734375 0.5754769505208334 0.21027194775390626 0.7777002708333334
9 0.20702577783203124 0.77923619921875 0.19918363623046875 0.5986214095052084 0.13452352001953125 0.6029925260416666 0.14025377099609376 0.7882870260416667 0.20702577783203124 0.77923619921875
9 0.1269156591796875 0.7894653971354167 0.11130061181640626 0.5986365572916666 0.0517161640625 0.6101015240885417 0.064262740234375 0.7961917194010417 0.1269156591796875 0.7894653971354167
27 0.06848907763671876 0.8649158255208333 0.0798041875 0.997874923828125 0.137897240234375 0.9967274069010417 0.12842017138671874 0.8496315384114584 0.06848907763671876 0.8649158255208333
27 0.14233677685546875 0.8844292200520832 0.14872311865234375 0.9965135625 0.206583982421875 0.9953706321614583 0.20064209423828125 0.8773155253906251 0.14233677685546875 0.8844292200520832
26 0.21637742529296874 0.8958931595052083 0.2197596748046875 0.99511037109375 0.26338315966796877 0.9942486725260417 0.25383349462890625 0.8930685833333333 0.21637742529296874 0.8958931595052083
18 0.33013956982421877 0.9841475690104167 0.32828664892578124 0.8854447610677084 0.28654512939453125 0.8859069205729168 0.28560225244140625 0.9922816549479166 0.33013956982421877 0.9841475690104167
17 0.462026369140625 0.9562844856770832 0.4500512221679687 0.8698060397135418 0.3516260766601563 0.8918694368489583 0.34891921484375 0.975874474609375 0.462026369140625 0.9562844856770832
10 0.5839936333007812 0.9236332727864583 0.5562816264648438 0.8321685240885417 0.46175014453125 0.8548510338541666 0.4712354150390625 0.9514584915364583 0.5839936333007812 0.9236332727864583