21 0.08447265625 0.38505015432098766 0.1689453125 0.34187885802469137
20 0.217529296875 0.3677734375000001 0.12841796875 0.31764081790123466
19 0.330322265625 0.3714048032407407 0.12451171875 0.29738136574074076
41 0.445556640625 0.34373794367283955 0.12841796875 0.3026668595679012
22 0.575927734375 0.31902729552469133 0.14013671875 0.30354938271604937
43 0.67724609375 0.3629243827160494 0.08154296875 0.19692322530864192
9 0.124755859375 0.7257257908950617 0.09130859375 0.18539737654320967
9 0.20458984375 0.7205680941358025 0.0751953125 0.18507908950617283
3 0.272216796875 0.7013286072530863 0.0625 0.19524498456790132
2 0.32421875 0.693139949845679 0.064453125 0.2017939814814813
1 0.373779296875 0.6986713927469136 0.0546875 0.17555941358024688
4 0.422607421875 0.6758969907407408 0.052734375 0.20156250000000023
25 0.490478515625 0.6872516396604939 0.08837890625 0.14888117283950622
24 0.60693359375 0.6982976466049383 0.1396484375 0.11669077932098777
27 0.1708984375 0.9285903742283951 0.0712890625 0.13747588734567895
27 0.2353515625 0.9331766010802469 0.064453125 0.12562210648148162
26 0.295654296875 0.9411000192901234 0.0439453125 0.09982638888888899
18 0.360107421875 0.934618537808642 0.04638671875 0.09857253086419752
17 0.4609375 0.9160252700617284 0.11474609375 0.11424575617283939
10 0.58544921875 0.8940345293209878 0.125 0.114448302469136