21 0.18239685693359375 0.013318095703125 0.154512158203125 0.3383233971354167 0.2481165478515625 0.3781980006510417 0.328974234375 0.09947284830729165 0.18239685693359375 0.013318095703125
20 0.33239299951171875 0.11497487565104166 0.2561338442382812 0.37713695638020833 0.36083219580078124 0.42690025390625 0.43194233251953124 0.17125925130208333 0.33239299951171875 0.11497487565104166
19 0.43872940283203127 0.18462681184895835 0.3693164204101563 0.4335101204427083 0.4600439931640625 0.4759655690104167 0.523924375 0.23047111393229167 0.43872940283203127 0.18462681184895835
41 0.532770744140625 0.22930141341145835 0.46493030322265627 0.47202452278645834 0.5390673232421875 0.5095027428385417 0.6214591557617187 0.287158208984375 0.532770744140625 0.22930141341145835
22 0.6396537373046876 0.2789249147135417 0.5411265151367187 0.5046764505208333 0.6477385610351563 0.5558227630208333 0.7174218256835937 0.324634486328125 0.6396537373046876 0.2789249147135417
43 0.70048001171875 0.39512873958333333 0.64385243359375 0.5498847011718749 0.69507870703125 0.5762078125 0.7572273125 0.4180258131510417 0.70048001171875 0.39512873958333333
9 0.13218858506944445 0.5482855902777778 0.10443793402777779 0.21385513117283939
9 0.20951786747685186 0.5807894483024691 0.10317201967592593 0.20339023919753085
3 0.27091471354166663 0.5971860532407407 0.08629918981481488 0.21035879629629628
2 0.32232892071759256 0.6121117862654321 0.0873661747685186 0.21366222993827164
1 0.3649359809027778 0.6448567708333334 0.06821469907407407 0.17370756172839505
4 0.4166847511574074 0.6389371141975309 0.08412905092592593 0.22000385802469147
25 0.46723994502314814 0.6935884452160493 0.10186993634259256 0.17406925154320993
24 0.5531051070601851 0.7532431520061729 0.1216182002314814 0.1301842206790124
27 0.08013237847222222 0.7853009259259259 0.09517867476851852 0.19649402006172836
27 0.14715350115740738 0.8192515432098766 0.08373119212962965 0.1530189043209876
26 0.20226598668981483 0.8418571566358025 0.06165002893518523 0.1304735725308642
18 0.2677408854166667 0.8698640046296298 0.06523075810185186 0.11894772376543195
17 0.3533347800925926 0.8952787422839507 0.12465639467592593 0.1342351466049383
10 0.46487991898148145 0.9281684027777777 0.1254521122685185 0.12777295524691348