5 0.00276835302734375 0.144890873046875 0.03100471240234375 0.4587258600260417 0.096889384765625 0.4638948411458333 0.10851612109375 0.43367658723958336 0.08969196435546875 0.17670105794270832 0.05259722216796875 0.0725816796875 0.0249144345703125 0.07215972200520833 0.00276835302734375 0.144890873046875
8 0.09412127978515625 0.12276653450520834 0.08581646826171875 0.20177910026041668 0.11017708349609374 0.46466203710937504 0.1799375 0.45418088606770834 0.154469494140625 0.12276653450520834 0.09412127978515625 0.12276653450520834
8 0.20319097216796875 0.11907440494791667 0.17606200390625 0.12128968229166666 0.159452380859375 0.1929179895833333 0.17716939501953125 0.46392361132812504 0.24914434521484374 0.45418088606770834 0.23308829345703125 0.14048908723958334 0.20319097216796875 0.11907440494791667
7 0.27738070458984376 0.16190376953125 0.25301984130859373 0.16190376953125 0.234749255859375 0.22614748697916667 0.2469298115234375 0.45801620377604163 0.3065860615234375 0.4514126985677083 0.2995267856445312 0.169288029296875 0.27738070458984376 0.16190376953125
7 0.3133683037109375 0.15378075390624998 0.2984196430664062 0.20030224869791668 0.30672445458984376 0.4550625 0.36762648828125 0.4676157408854167 0.359875248046875 0.19661011914062498 0.34215823388671873 0.15378075390624998 0.3133683037109375 0.15378075390624998
6 0.363750744140625 0.18110284375 0.36098239111328123 0.44693948437500003 0.4689449404296875 0.44767791015625 0.49994965283203124 0.42921726171874997 0.5110228173828125 0.21433267187500002 0.49275223193359374 0.133104828125 0.3799451884765625 0.13213888867187498 0.363750744140625 0.18110284375
6 0.713798611328125 0.43807837304687497 0.7298544145507813 0.25494642838541665 0.7132447915039063 0.2076865078125 0.52610987109375 0.21137896809895831 0.5067318950195312 0.278576388671875 0.5052093251953125 0.42834358463541666 0.5266634423828125 0.45063194466145834 0.713798611328125 0.43807837304687497
0 0.05841046630859375 0.6146246692708334 0.0689300595703125 0.732774470703125 0.10934672607421875 0.7236259921875 0.09218353173828125 0.6050251321614584 0.05841046630859375 0.6146246692708334
42 0.0982735615234375 0.6360393515625 0.111561259765625 0.7305588626302083 0.15419270849609376 0.71357506640625 0.15087078369140625 0.625701388671875 0.130108630859375 0.558452380859375 0.1071319443359375 0.5585036373697917 0.0982735615234375 0.6360393515625
32 0.15862202392578126 0.7231746028645833 0.2621552578125 0.7098829361979168 0.2610478671875 0.5245357141927084 0.14879464306640625 0.5187738092447917 0.15862202392578126 0.7231746028645833
31 0.2610478671875 0.4927830690104167 0.26436979150390627 0.7098829361979168 0.37177877001953125 0.7091445104166666 0.369564236328125 0.49293683854166664 0.2610478671875 0.4927830690104167
31 0.37177877001953125 0.48539847851562495 0.37343973193359375 0.7039751985677083 0.4509511411132813 0.7098829361979168 0.47199007958984374 0.48555456380208334 0.37177877001953125 0.48539847851562495
28 0.46091716259765625 0.5666263229166667 0.45648784716796875 0.7194824733072916 0.5256944443359375 0.7202208997395833 0.528047619140625 0.5732166002604167 0.46091716259765625 0.5666263229166667
29 0.5256944443359375 0.7084060846354167 0.5932403271484376 0.7202208997395833 0.5986383930664062 0.566757275390625 0.5295701884765625 0.5688416002604166 0.5256944443359375 0.7084060846354167
30 0.6009915673828125 0.5695800266927084 0.591579365234375 0.7113597884114583 0.6607862104492187 0.7209593255208334 0.6775342260742188 0.5713710319010417 0.6009915673828125 0.5695800266927084
23 0.0806951884765625 0.7858842591145834 0.09841195458984375 0.9874771822916667 0.214125744140625 0.9830462962239582 0.2013916171875 0.7770231484375 0.0806951884765625 0.7858842591145834
35 0.218001240234375 0.9911693118489584 0.3425734125976562 0.976400462890625 0.338421130859375 0.8159014550781251 0.2019454365234375 0.8205906087239584 0.218001240234375 0.9911693118489584
36 0.3409124501953125 0.9756620371093749 0.4699139384765625 0.9675393515624999 0.47545039697265623 0.8094424602864584 0.33814434521484377 0.8213290345052083 0.3409124501953125 0.9756620371093749
34 0.4714365078125 0.9645856484375 0.6895761411132812 0.9594163359375 0.7093692954101563 0.8057513229166666 0.474204861328125 0.8095142194010417 0.4714365078125 0.9645856484375