39 0.20906143017578124 1 0.2045076884765625 0.9515059524739583 0.10540972216796875 0.942889880859375 0.11510716748046874 1 0.20906143017578124 1
40 0.32038046923828123 1 0.31667385888671873 0.9401372356770833 0.2206805556640625 0.945473544921875 0.22686456201171876 1 0.32038046923828123 1
37 0.42798060693359374 1 0.425390873046875 0.9072066796875 0.32713665673828124 0.9118468912760417 0.3304761650390625 1 0.42798060693359374 1
38 0.5777041333007813 1 0.5846331845703125 0.9079027779947917 0.4315538193359375 0.9178419309895833 0.43146568115234374 1 0.5777041333007813 1
34 0.6182896826171875 0.8345502643229167 0.6313323413085937 0.7143660716145833 0.43259747021484374 0.70423941796875 0.4316937001953125 0.8482390872395834 0.6182896826171875 0.8345502643229167
36 0.42784375 0.8438306881510417 0.42801760888671875 0.7120459654947916 0.31167757958984377 0.7169183203124999 0.3146639384765625 0.8426984127604166 0.42784375 0.8438306881510417
35 0.3130367065429687 0.85148743359375 0.3039937998046875 0.7220224869791667 0.19099007958984374 0.7303310182291667 0.20643526806640625 0.8600720898437499 0.3130367065429687 0.85148743359375
23 0.20346354150390625 0.8568237434895832 0.18676909716796875 0.6855962304687501 0.086623759765625 0.6903240742187501 0.099470486328125 0.858215939453125 0.20346354150390625 0.8568237434895832
42 0.14963070458984376 0.6215333997395833 0.1336316962890625 0.486732142578125 0.09798189501953125 0.48858829361979167 0.1103670634765625 0.6273564817708334 0.14963070458984376 0.6215333997395833
32 0.2448504462890625 0.6224616399739583 0.2361552578125 0.463298611328125 0.1458516865234375 0.4624580026041667 0.15424776806640625 0.623621693359375 0.2448504462890625 0.6224616399739583
31 0.3359866069335937 0.613413029296875 0.33024801611328125 0.4275681217447917 0.24134672607421875 0.4290608463541667 0.24834052587890626 0.6213015872395834 0.3359866069335937 0.613413029296875
31 0.40992609130859375 0.6171253307291666 0.42001240087890623 0.4215357141927083 0.3371026787109375 0.425234126953125 0.34088740087890623 0.6185171959635417 0.40992609130859375 0.6171253307291666
28 0.47159102197265623 0.6196772486979166 0.47159102197265623 0.5103978177083334 0.41720362109375 0.512901455078125 0.418029513671875 0.62315773828125 0.47159102197265623 0.6196772486979166
29 0.52812549609375 0.615964947265625 0.532125248046875 0.5085416666666667 0.47590947412109375 0.5080310846354167 0.4742160219726563 0.6213015872395834 0.52812549609375 0.615964947265625
30 0.599798115234375 0.6196772486979166 0.597015873046875 0.5097017194010417 0.5382683530273438 0.502464947265625 0.5328462299804687 0.625941798828125 0.599798115234375 0.6196772486979166
6 0.6269035219726562 0.37406349218749996 0.6310771328125 0.181722552734375 0.46886483154296876 0.187626984375 0.45978447412109374 0.3733673938802083 0.6269035219726562 0.37406349218749996
6 0.448186755859375 0.368630291015625 0.45131696435546875 0.12063690494791666 0.3204040180664062 0.11352711653645832 0.3273253969726562 0.3864953704427083 0.448186755859375 0.368630291015625
7 0.32592336328125 0.38474966927083337 0.3198368056640625 0.13394047591145833 0.2687428076171875 0.13996660026041666 0.27636135888671876 0.38683796289062505 0.32592336328125 0.38474966927083337
7 0.2745240576171875 0.38521362434895834 0.26408978173828124 0.14322123046875 0.21629885888671874 0.13927083333333332 0.2261793154296875 0.38614186523437505 0.2745240576171875 0.38521362434895834
8 0.223906994140625 0.3860079361979167 0.20356051611328124 0.10486474869791666 0.14272073388671874 0.10483002669270834 0.163563244140625 0.38972023828124996 0.223906994140625 0.3860079361979167
8 0.16302579345703125 0.387598544921875 0.13576314501953124 0.104340939453125 0.07925148828125 0.10453240755208333 0.10372966259765624 0.38305191796875 0.16302579345703125 0.387598544921875
5 0.10269122021484375 0.3885079361979167 0.07099851171875 0.064785052734375 0.0089759423828125 0.06660350520833333 0.04203174609375 0.3944186510416667 0.10269122021484375 0.3885079361979167
0 0.1061552578125 0.631380291015625 0.0880696923828125 0.5325416666666667 0.06601165673828124 0.5330790345052083 0.0732879462890625 0.6369487434895833 0.1061552578125 0.631380291015625