21 0.08349609375 0.2766927083333333 0.0732421875 0.24283854166666666
20 0.17236328125 0.2923177083333333 0.0654296875 0.24348958333333334
19 0.2451171875 0.30859375 0.06640625 0.2421875
41 0.33642578125 0.3131510416666667 0.07763671875 0.2734375
22 0.49992336328125 0.47368253971354163 0.5161847719726562 0.18981646809895833 0.4111795634765625 0.1889497356770833 0.38329365087890627 0.443920634765625 0.49992336328125 0.47368253971354163
43 0.54638671875 0.3795572916666667 0.06201171875 0.21809895833333334
9 0.072265625 0.568359375 0.046875 0.15755208333333334
9 0.1240234375 0.5852864583333334 0.04931640625 0.16276041666666666
3 0.16943359375 0.59375 0.0322265625 0.169921875
2 0.2080078125 0.6048177083333334 0.03369140625 0.18424479166666666
1 0.2470703125 0.625 0.0390625 0.171875
4 0.28857421875 0.6145833333333334 0.04443359375 0.21484375
25 0.3544921875 0.6569010416666666 0.06982421875 0.16276041666666666
24 0.5264315478515625 0.7857476848958332 0.5371656748046875 0.688993716796875 0.40976413671875 0.65630191796875 0.38107514892578126 0.74564715625 0.5264315478515625 0.7857476848958332
27 0.10976016845703125 0.8545813489583334 0.09779241064453124 0.7078740078125 0.0610721728515625 0.6934513886718751 0.07852901806640625 0.8392189153645834 0.10976016845703125 0.8545813489583334
27 0.1553065478515625 0.8729735449218751 0.1493740078125 0.7544794973958333 0.10992435498046875 0.7438541666666666 0.11640153759765624 0.8564255950520834 0.1553065478515625 0.8729735449218751
26 0.1826171875 0.837890625 0.0322265625 0.10026041666666667
18 0.22802734375 0.8587239583333334 0.03564453125 0.107421875
17 0.36526835302734373 0.9580128971354167 0.384126240234375 0.8658786373697916 0.28963070458984375 0.825579365234375 0.2598529267578125 0.9113257272135417 0.36526835302734373 0.9580128971354167
10 0.4983842841796875 1 0.5070806049804687 0.9053068782552084 0.4012929067382813 0.8686987434895833 0.37044122021484377 0.9580625 0.47289498388671874 1 0.4983842841796875 1
12 0.11181640625 0.9762369791666666 0.0419921875 0.047526041666666664
14 0.153564453125 0.970703125 0.03857421875 0.05859375
15 0.19189453125 0.98828125 0.0341796875 0.0234375
13 0.27880859375 0.9876302083333334 0.0400390625 0.024739583333333332