5 0.1465231455078125 0.10524316276041668 0.09154945751953125 0.09431810481770835 0.1048362900390625 0.349726 0.16409595751953124 0.35044353125 0.1465231455078125 0.10524316276041668
8 0.21173439013671874 0.128555109375 0.1532405517578125 0.11733332617187499 0.16409595751953124 0.35044353125 0.2178499580078125 0.3461777864583333 0.21173439013671874 0.128555109375
8 0.2671230703125 0.13308237955729166 0.2164615712890625 0.12775952864583334 0.22335563427734376 0.35116073046875 0.2714624428710937 0.3469468658854167 0.2671230703125 0.13308237955729166
7 0.32215799267578127 0.15019555078125 0.27240258544921875 0.146111634765625 0.27895656494140625 0.34813659244791667 0.32416890478515625 0.3464657493489583 0.32215799267578127 0.15019555078125
7 0.37573510498046875 0.15222308723958333 0.32968748779296875 0.15012681966145833 0.328981056640625 0.342647087890625 0.3751348095703125 0.3409673209635417 0.37573510498046875 0.15222308723958333
6 0.464338466796875 0.079786060546875 0.39761303515625 0.08523659570312499 0.37864945068359374 0.349835572265625 0.46816860302734375 0.34524368684895834 0.464338466796875 0.079786060546875
6 0.6854903051757812 0.14571323697916666 0.5347230395507813 0.15338080924479167 0.5132394453125 0.3486070052083334 0.6809836313476563 0.33952632877604166 0.6854903051757812 0.14571323697916666
0 0.122687056640625 0.518077267578125 0.1237419951171875 0.5809806666666667 0.1491188212890625 0.5820071555989583 0.1395578525390625 0.5204398684895833 0.122687056640625 0.518077267578125
42 0.1583261015625 0.48039538020833333 0.15588379150390624 0.5756540677083334 0.191578447265625 0.5778448391927083 0.1872187685546875 0.49861420052083333 0.1583261015625 0.48039538020833333
32 0.27941247314453127 0.432343337890625 0.1988592255859375 0.41923783919270835 0.19910794189453124 0.5777761080729167 0.27621469384765623 0.5795888619791667 0.27941247314453127 0.432343337890625
31 0.37811003759765627 0.402502326171875 0.2854202783203125 0.3943527057291667 0.2894974965820313 0.5756928782552083 0.37315746240234376 0.578703947265625 0.37811003759765627 0.402502326171875
31 0.470275779296875 0.40417761848958333 0.387663341796875 0.3973822513020833 0.377792498046875 0.5811779069010417 0.4434636254882813 0.588128248046875 0.470275779296875 0.40417761848958333
28 0.5139178676757813 0.49185728385416666 0.4614182060546875 0.49334759049479165 0.45862899658203127 0.5842147493489583 0.5094531474609375 0.5837508151041667 0.5139178676757813 0.49185728385416666
29 0.5788600986328125 0.49126447721354166 0.5217282895507812 0.48179376953124997 0.515970732421875 0.5862079212239583 0.564664939453125 0.5945713671875 0.5788600986328125 0.49126447721354166
30 0.643625203125 0.496964623046875 0.582773072265625 0.4859521432291667 0.5797593100585937 0.5931751158854167 0.629677923828125 0.5914613131510417 0.643625203125 0.496964623046875
23 0.22312387939453124 0.6523289674479167 0.13952377197265625 0.6471882272135416 0.13714202294921876 0.8072523880208333 0.23090732861328125 0.818978818359375 0.22312387939453124 0.6523289674479167
35 0.34427583935546874 0.69400362109375 0.230096595703125 0.68880255859375 0.2384667177734375 0.8094709889322916 0.33920948193359374 0.8072932526041666 0.34427583935546874 0.69400362109375
36 0.45812428076171874 0.6942228528645833 0.3464805190429687 0.69088402734375 0.3476096274414063 0.8097331744791667 0.45284592041015626 0.8150638899739584 0.45812428076171874 0.6942228528645833
34 0.6714562114257813 0.7035997180989583 0.46530584228515626 0.6897993632812499 0.46612872314453124 0.8111679069010417 0.652201515625 0.81953546484375 0.6714562114257813 0.7035997180989583
39 0.14412926513671875 0.9017937799479167 0.149345859375 0.9644823424479166 0.2380634072265625 0.9636725091145834 0.2357781748046875 0.905123373046875 0.14412926513671875 0.9017937799479167
40 0.24883675634765626 0.9008379869791666 0.25130922265625 0.9635515989583333 0.3400791796875 0.9627412871093749 0.3411915947265625 0.9041611360677083 0.24883675634765626 0.9008379869791666
37 0.35416295458984376 0.8778699524739584 0.356913052734375 0.9625876236979166 0.44719785595703127 0.9617634837239583 0.451912421875 0.8817601751302083 0.35416295458984376 0.8778699524739584
38 0.46042773681640625 0.9051938997395833 0.4609946513671875 0.9616375436197916 0.5012913901367188 0.9612697063802084 0.6054966943359374 0.953036201171875 0.610994849609375 0.9130228502604166 0.46042773681640625 0.9051938997395833