5 0.16944263599537038 0.19579716435185188 0.14060691550925924 0.39159432870370375
8 0.2363009982638889 0.23478732638888888 0.12031611689814814 0.3493489583333333
8 0.30266203703703703 0.24679542824074074 0.11933955439814814 0.3317708333333333
7 0.360595703125 0.2788773148148148 0.10767505787037035 0.2885271990740741
7 0.41304072627314814 0.2912977430555556 0.09955512152777779 0.2739872685185185
6 0.48612015335648145 0.29205729166666666 0.13637514467592593 0.287427662037037
6 0.6113190827546297 0.35496961805555555 0.20809823495370372 0.22715567129629624
0 0.115840607421875 0.5391379752604167 0.08679312255859375 0.5337084602864584 0.0655406728515625 0.6598734973958333 0.10558306982421875 0.6672294811197917 0.115840607421875 0.5391379752604167
42 0.1069507412109375 0.6593571953125 0.1495008525390625 0.6599530514322917 0.16234182177734374 0.59371349609375 0.1673311142578125 0.49210806640625 0.1423581552734375 0.48624258984374996 0.11834804638671875 0.5477221380208334 0.1069507412109375 0.6593571953125
32 0.1685340556640625 0.5235450279947916 0.153451849609375 0.6525553352864583 0.2518867807617188 0.6652226243489584 0.28662093359375 0.47680133138020836 0.25819300830078123 0.46780707617187495 0.18604795166015625 0.45726152213541665 0.1685340556640625 0.5235450279947916
31 0.2885857709960937 0.47700094791666664 0.25496405029296876 0.6513463209635416 0.349257740234375 0.6686685319010417 0.3890051494140625 0.46290022591145835 0.33656830712890623 0.4424900598958333 0.28170934765625 0.45136711328125 0.2885857709960937 0.47700094791666664
31 0.419389326171875 0.6716230579427083 0.46964073046875 0.46869015820312504 0.39100954541015626 0.4551993639322917 0.3528289765625 0.65578536328125 0.419389326171875 0.6716230579427083
28 0.4813527626953125 0.6793958098958334 0.5077944091796875 0.5578879759114583 0.4487943349609375 0.5407309570312501 0.4215928334960938 0.6666125019531249 0.4813527626953125 0.6793958098958334
29 0.5574996459960937 0.5671678906250001 0.5101877333984375 0.555619796875 0.4822267666015625 0.6705301067708334 0.5263722934570313 0.6849582727864583 0.5574996459960937 0.5671678906250001
30 0.6135362158203125 0.5706945 0.5599941547851562 0.5566459453125 0.5293356572265625 0.6755740065104167 0.5805094731445313 0.6840721588541667 0.6135362158203125 0.5706945
23 0.0473552451171875 0.8911407962239584 0.03523659326171875 0.9163078763020834 0.10831727880859375 0.9297331549479168 0.16265816064453126 0.9294723001302083 0.16315167431640626 0.8077106295572917 0.1818810517578125 0.7190852669270833 0.05489093017578125 0.7173367916666668 0.058866041015625 0.7443249459635416 0.0473552451171875 0.8911407962239584
35 0.30558467236328124 0.7656464290364583 0.2791382451171875 0.7730562578125001 0.17610672412109374 0.7676677493489583 0.16262014208984374 0.925854744140625 0.27279410009765626 0.9208212473958333 0.30558467236328124 0.7656464290364583
36 0.4222160224609375 0.7656417819010417 0.30607401171875 0.7752966451822917 0.279290646484375 0.9102805878906249 0.3914403002929687 0.9092206074218749 0.4222160224609375 0.7656417819010417
34 0.5503947856445313 0.8996091087239583 0.599490189453125 0.7666263131510417 0.42631571826171877 0.7621836536458333 0.39470738623046875 0.898086681640625 0.5503947856445313 0.8996091087239583