8 0.1148569990234375 0.006806340494791667 0.1155852763671875 0.3081008997395833 0.17906022265625 0.328251330078125 0.1722173642578125 0.010205473307291666 0.1148569990234375 0.006806340494791667
8 0.18021409423828125 0.04870120377604167 0.1772122109375 0.32448165104166665 0.2297462158203125 0.3428738828125 0.22513588720703126 0.06033030533854167 0.18021409423828125 0.04870120377604167
8 0.23815141748046875 0.058742833984375 0.2383154892578125 0.3466309283854167 0.29516396337890627 0.363315470703125 0.294782919921875 0.07406709309895833 0.23815141748046875 0.058742833984375
7 0.41093769677734376 0.13347030338541668 0.36138105419921873 0.11958999283854166 0.34854777294921874 0.3752814479166667 0.392171931640625 0.388727517578125 0.41093769677734376 0.13347030338541668
6 0.42466098095703125 0.12513701236979166 0.40009672314453126 0.38956227994791665 0.5232112866210937 0.4014635084635417 0.5551050561523437 0.15716091471354168 0.42466098095703125 0.12513701236979166
6 0.5535687211914062 0.23296882682291667 0.5217877514648438 0.41106677734374997 0.707343361328125 0.456502416015625 0.7281830620117188 0.27694419921874996 0.5535687211914062 0.23296882682291667
30 0.5989344091796875 0.581476263671875 0.5815329853515625 0.68568864453125 0.647364146484375 0.7062311302083333 0.6600294013671875 0.5860407584635416 0.5989344091796875 0.581476263671875
29 0.5335173979492187 0.5513654837239583 0.5213293095703125 0.6626539225260416 0.5723318452148437 0.6850943795572917 0.5922667778320313 0.5755298671875 0.5335173979492187 0.5513654837239583
28 0.47194487890625 0.5344572675781251 0.4588895776367187 0.6400315338541667 0.5181450356445313 0.6662971061197916 0.5314186206054687 0.5495728626302083 0.47194487890625 0.5344572675781251
31 0.45493147998046873 0.6332595286458333 0.4864489975585938 0.44954827539062503 0.3989332158203125 0.42037853515624996 0.383491892578125 0.613421900390625 0.45493147998046873 0.6332595286458333
31 0.29696114404296875 0.5883638860677084 0.37718750927734374 0.6084197890624999 0.39193329638671875 0.43082780338541665 0.30379877734375 0.4109057018229167 0.29696114404296875 0.5883638860677084
32 0.28439173046875 0.5874975520833333 0.29373668212890625 0.42945127473958333 0.209831201171875 0.40282431315104167 0.20263816796875 0.566373435546875 0.28439173046875 0.5874975520833333
42 0.16179278466796876 0.41806522591145834 0.15977346435546874 0.5569831933593751 0.20057743896484376 0.568632982421875 0.20423451220703126 0.4324148059895833 0.16179278466796876 0.41806522591145834
0 0.157952669921875 0.4586780260416667 0.12547138427734375 0.452279134765625 0.12323668115234375 0.5568828170572917 0.158291544921875 0.5665721673177083 0.157952669921875 0.4586780260416667
36 0.13685491455078125 0.6117458391927083 0.13332584521484375 0.7826746516927083 0.2260425908203125 0.803166072265625 0.226342728515625 0.6417993339843749 0.13685491455078125 0.6117458391927083
35 0.23117092724609375 0.6700726276041666 0.23232719189453124 0.8096808567708332 0.3402985888671875 0.8344602688802083 0.3411976416015625 0.7080716236979167 0.23117092724609375 0.6700726276041666
36 0.351652720703125 0.707449130859375 0.34366640380859376 0.84689551171875 0.4485137109375 0.8681454778645833 0.4610553603515625 0.7247039889322916 0.351652720703125 0.707449130859375
34 0.6745551787109375 0.7985442207031249 0.4792189028320312 0.7411722923177083 0.45773711669921874 0.8687451946614583 0.6445710336914062 0.9327391041666666 0.6745551787109375 0.7985442207031249
38 0.6042517719726562 1 0.6057045634765625 0.9925493203125 0.45116498779296876 0.9531567656250001 0.44621061083984376 1 0.6042517719726562 1
37 0.4362705908203125 1 0.4493906435546875 0.9137596888020832 0.350144728515625 0.8885064811197917 0.34301121728515627 0.9865334986979167 0.3980073603515625 1 0.4362705908203125 1
40 0.24046232421875 0.8892931002604166 0.23974328857421875 0.9612470403645833 0.33469064599609377 0.9844961022135417 0.3394628583984375 0.908396310546875 0.24046232421875 0.8892931002604166
39 0.1330863740234375 0.8618950169270834 0.1370660830078125 0.9361052272135417 0.2266734970703125 0.958046736328125 0.22442631689453124 0.8852020950520832 0.1330863740234375 0.8618950169270834
7 0.3545023662109375 0.11688692513020833 0.30231275 0.10761333919270834 0.29839729248046876 0.3652129140625 0.34497414013671873 0.37219462109374996 0.3545023662109375 0.11688692513020833