21 0.0850459346064815 0.31176938657407405 0.09563440393518519 0.25444155092592596
20 0.17492404513888887 0.313621238425926 0.08779658564814818 0.2533275462962963
19 0.24877748842592592 0.3187065972222222 0.08874782986111113 0.252734375
41 0.3399341724537037 0.30938946759259256 0.10268373842592593 0.2853877314814815
22 0.4028213740234375 0.17455383333333332 0.39833503759765626 0.4323552565104167 0.5169704477539062 0.444210267578125 0.5072699599609375 0.15944200390625 0.4028213740234375 0.17455383333333332
43 0.5546477141203704 0.3436487268518518 0.08192635995370368 0.2276475694444445
9 0.10055157696759259 0.603515625 0.061454716435185186 0.16472800925925934
9 0.1535101996527778 0.6124493634259259 0.06409866898148148 0.17008101851851856
3 0.19932906539351852 0.6139756944444444 0.047724971064814825 0.17495659722222223
2 0.23868272569444446 0.6191478587962963 0.05072337962962964 0.1894241898148148
1 0.27935474537037036 0.6330512152777777 0.054662181712963 0.17796585648148153
4 0.3198260271990741 0.616623263888889 0.06417100694444444 0.22204861111111107
25 0.38908962673611114 0.6484085648148148 0.08468243634259265 0.17324942129629642
24 0.4439956787109375 0.639533962890625 0.42362072412109375 0.7327488346354167 0.5717509072265625 0.7505152278645834 0.5736046606445312 0.6526639986979167 0.4439956787109375 0.639533962890625
27 0.1007990751953125 0.7295220201822916 0.13143135498046876 0.8718269466145833 0.16387315869140626 0.8823533365885416 0.13861111376953125 0.7382787799479167 0.1007990751953125 0.7295220201822916
27 0.15394783056640626 0.772214189453125 0.1706423603515625 0.8831770638020834 0.21081958935546874 0.8937150325520834 0.19412678662109376 0.7767794752604167 0.15394783056640626 0.772214189453125
26 0.2348705150462963 0.854615162037037 0.041597945601851816 0.10509259259259274
18 0.28190285011574073 0.8684678819444445 0.04531973379629628 0.11310763888888904
17 0.3400125327148438 0.8261493723958333 0.31822747900390624 0.9159509231770833 0.4272585698242187 0.9463434544270833 0.4376078193359375 0.8518505429687501 0.3400125327148438 0.8261493723958333
10 0.5519841767578125 0.9695943535156251 0.5633942646484374 0.9678480403645833 0.5634103134765625 0.8723562467447916 0.4549275205078125 0.85204358203125 0.43240464501953124 0.9456058678385416 0.5337978266601563 0.9706720631510417 0.5519841767578125 0.9695943535156251
12 0.17604890046296295 0.9843677662037038 0.045015914351851816 0.017607060185185357
14 0.21727430555555555 0.9747468171296297 0.04264322916666663 0.03175636574074048
13 0.3434371383101852 0.9783637152777779 0.04129412615740735 0.009592013888889047