21 0.0971788916015625 0.45542099934895836 0.08521478759765624 0.5440539609375 0.1971095400390625 0.5167435234375 0.22763663916015625 0.4956116614583333 0.2110505908203125 0.4827974869791667 0.198143013671875 0.20259288411458332 0.0291840234375 0.2229748600260417 0.0971788916015625 0.45542099934895836
19 0.3271633203125 0.288249638671875 0.33580408984375 0.44503089322916667 0.353211841796875 0.4871701341145833 0.4444743076171875 0.4701771875 0.4157035341796875 0.3994406393229167 0.42950379248046877 0.207338568359375 0.3028245478515625 0.22249741471354167 0.3271633203125 0.288249638671875
20 0.22885045263671874 0.5092385013020834 0.3474796435546875 0.4876784915364583 0.32595241943359377 0.4198189309895833 0.31999984228515627 0.2737718782552083 0.2870084638671875 0.20692895768229166 0.1986519423828125 0.2178677356770833 0.20252614599609375 0.33884156575520835 0.22626956298828124 0.42658603515625 0.22885045263671874 0.5092385013020834
41 0.5344832387695313 0.44525795768229165 0.5210294096679687 0.42092647721354165 0.5224597807617187 0.20238986914062498 0.4301009731445313 0.20624761458333332 0.42088477783203126 0.39730416015625 0.4487419248046875 0.46681246744791666 0.5344832387695313 0.44525795768229165
22 0.600714216796875 0.3018963125 0.61909858203125 0.232712572265625 0.6184109272460937 0.1737277552083333 0.49814336865234377 0.17860475911458332 0.5013682172851562 0.19873816731770833 0.522100505859375 0.20387661328124998 0.5178554692382813 0.2221200703125 0.5148521772460938 0.243145625 0.5235135903320313 0.42649180729166664 0.5336770141601562 0.440224525390625 0.63495574609375 0.421206005859375 0.600714216796875 0.3018963125
43 0.6880252543945312 0.23545027408854166 0.6464470073242188 0.22943727669270833 0.6099809228515625 0.2503670221354167 0.62202102734375 0.3702836393229167 0.6310027231445312 0.42138629101562497 0.680182640625 0.404009966796875 0.679826900390625 0.253873771484375 0.6880252543945312 0.23545027408854166
9 0.12909643408203125 0.6936487408854166 0.1497229404296875 0.7876205885416666 0.1613500625 0.8452952565104166 0.231070171875 0.8181843756510417 0.22315163330078125 0.783663173828125 0.20464414306640624 0.6382852135416667 0.13014599951171876 0.6554536920572916 0.12909643408203125 0.6936487408854166
9 0.28207677294921873 0.6158197115885417 0.21406689892578126 0.6374498541666667 0.23817004345703124 0.8127906940104167 0.30750215673828124 0.79320140625 0.28207677294921873 0.6158197115885417
3 0.2882539477539062 0.6332550455729167 0.3069705517578125 0.78491051953125 0.3340924169921875 0.7901631087239583 0.3575055078125 0.7722626263020834 0.338370431640625 0.608052201171875 0.32564518896484373 0.577081716796875 0.2995689169921875 0.58954153125 0.2882539477539062 0.6332550455729167
2 0.35555293115234377 0.7749881829427084 0.40765217333984377 0.76713608203125 0.39826239453125 0.6041039915364583 0.375221765625 0.5509941028645834 0.34573243017578126 0.5645192942708334 0.340161814453125 0.6043202805989584 0.35555293115234377 0.7749881829427084
1 0.39775607177734373 0.6655768938802084 0.4111214609375 0.7639357369791666 0.4454084614257813 0.754259751953125 0.4317682841796875 0.5808496276041667 0.39871594873046873 0.5870477513020833 0.3913240625 0.6105046054687501 0.39775607177734373 0.6655768938802084
4 0.4467061176757812 0.5286820052083333 0.432131166015625 0.5818729798177084 0.44050565673828124 0.7335944453125 0.465997244140625 0.743586361328125 0.4898940185546875 0.7287056171874999 0.48458313134765624 0.5961108723958334 0.46737328173828124 0.5234683404947916 0.4467061176757812 0.5286820052083333
25 0.48708494873046876 0.5868704088541666 0.49315419140625 0.7192277584635417 0.5340393974609375 0.7159435813802083 0.5576139243164062 0.699049388671875 0.5612691298828125 0.562768240234375 0.48708494873046876 0.5868704088541666
24 0.6852734204101563 0.6707158528645834 0.6465968681640625 0.579651216796875 0.5591709116210938 0.6192761653645833 0.56019379296875 0.7151560507812501 0.6852734204101563 0.6707158528645834
10 0.6302295615234375 0.7882114622395834 0.5950915078125 0.8236481399739582 0.537749283203125 0.82362703515625 0.555873919921875 0.9268390240885417 0.67316112109375 0.8784951809895833 0.6302295615234375 0.7882114622395834
17 0.5366695727539063 0.8288262141927083 0.49665095458984376 0.8772964225260417 0.4385677685546875 0.8627069928385417 0.44278053662109373 0.9648299010416667 0.5045819868164062 0.9466993945312501 0.5596366513671875 0.9125509114583333 0.5366695727539063 0.8288262141927083
18 0.42404474560546873 0.8645063919270833 0.3779946591796875 0.8852648111979167 0.39034897216796877 0.9884341048177084 0.4161628383789063 0.9876692493489583 0.43249517578125 0.97692781640625 0.42404474560546873 0.8645063919270833
26 0.3706748471679687 0.9890170416666666 0.35545310888671877 0.8986641555989583 0.32040799560546873 0.9085774583333334 0.3239923525390625 0.9904002265625 0.3706748471679687 0.9890170416666666
27 0.3143449624023438 0.9906860748697918 0.3031145703125 0.8801624440104167 0.24364083642578124 0.896665681640625 0.2555450029296875 0.9924282962239582 0.3143449624023438 0.9906860748697918
27 0.24997877587890624 0.9925932213541667 0.229219779296875 0.8662940045572917 0.16707808251953124 0.8922442154947916 0.18357851123046875 0.9945606367187501 0.24997877587890624 0.9925932213541667