5 0.0517578125 0.20182291666666666 0.06591796875 0.3424479166666667
8 0.119140625 0.22395833333333334 0.060546875 0.3072916666666667
8 0.18798828125 0.22200520833333334 0.07080078125 0.30078125
7 0.251953125 0.240234375 0.05029296875 0.2682291666666667
7 0.30419921875 0.240234375 0.05224609375 0.2701822916666667
6 0.4091796875 0.22265625 0.13720703125 0.283203125
6 0.58447265625 0.2584635416666667 0.19384765625 0.2265625
0 0.07666015625 0.5852864583333334 0.04296875 0.11393229166666667
42 0.12109375 0.5572916666666666 0.0439453125 0.14973958333333334
32 0.1923828125 0.5455729166666666 0.09423828125 0.17643229166666666
31 0.29541015625 0.529296875 0.1015625 0.20572916666666666
31 0.38818359375 0.5299479166666666 0.0732421875 0.21354166666666666
28 0.4638671875 0.5774739583333334 0.06298828125 0.12890625
29 0.5302734375 0.578125 0.06103515625 0.12825520833333334
30 0.6005859375 0.578125 0.064453125 0.12890625
23 0.13330078125 0.798828125 0.11083984375 0.19466145833333334
36 0.37890625 0.8098958333333334 0.1240234375 0.18098958333333334
34 0.55859375 0.8111979166666666 0.22412109375 0.193359375
39 0.151611328125 0.9749348958333334 0.11376953125 0.050130208333333336
40 0.269775390625 0.9778645833333334 0.10888671875 0.044270833333333336
37 0.388427734375 0.9716796875 0.10693359375 0.056640625
38 0.533203125 0.9759114583333334 0.1630859375 0.048177083333333336
35 0.25244140625 0.8053385416666666 0.1201171875 0.169921875