5 0.1003676708984375 0.5400099934895833 0.01521456982421875 0.24434384960937502 0.00546718359375 0.24602326953125 0.00964595166015625 0.4340678196614583 0.0394352861328125 0.5605679401041667 0.1003676708984375 0.5400099934895833
8 0.0775187060546875 0.2573317259114583 0.03732583544921875 0.27725646354166666 0.1025279443359375 0.5476803958333333 0.1617934375 0.5257096341145834 0.0775187060546875 0.2573317259114583
8 0.14608529541015625 0.23315733463541666 0.0887163349609375 0.26346132031249997 0.15714480029296876 0.5361034329427083 0.21726853857421874 0.5196380240885417 0.14608529541015625 0.23315733463541666
7 0.20637384130859374 0.24868426432291668 0.16312322021484374 0.2651161139322917 0.21844199609375 0.5147929303385417 0.26112074658203127 0.49469109375 0.20637384130859374 0.24868426432291668
7 0.26084577099609374 0.22689791861979167 0.215074861328125 0.2478778359375 0.26744004541015626 0.5042937565104166 0.3161517197265625 0.49195921549479166 0.26084577099609374 0.22689791861979167
6 0.27710764306640623 0.20488362239583333 0.3276093193359375 0.4788423444010417 0.44298068212890623 0.430099650390625 0.4042947216796875 0.16956807942708332 0.27710764306640623 0.20488362239583333
6 0.431595033203125 0.225859927734375 0.4490929404296875 0.44104726171874997 0.6371604936523437 0.3822477513020834 0.6097559721679687 0.18171040885416667 0.431595033203125 0.225859927734375
0 0.0866627236328125 0.6772781868489584 0.113672828125 0.776533001953125 0.14584353759765625 0.7570813105468751 0.11077734521484375 0.6620645384114584 0.0866627236328125 0.6772781868489584
42 0.1125924931640625 0.6347554459635417 0.1489077841796875 0.7612706673177083 0.185888705078125 0.7448340455729167 0.15062451123046874 0.6114266054687499 0.1125924931640625 0.6347554459635417
32 0.15512094140625 0.5919605592447917 0.18758879052734376 0.7526451901041668 0.26915526123046873 0.728339849609375 0.23676094091796876 0.5793154622395833 0.15512094140625 0.5919605592447917
31 0.24382552587890624 0.5436915377604167 0.275250904296875 0.7303208033854167 0.35505515771484375 0.7039911555989583 0.3243533828125 0.525610625 0.24382552587890624 0.5436915377604167
31 0.33981909912109376 0.5143332200520833 0.36807521337890625 0.7256434114583333 0.44535438134765626 0.6923959166666668 0.42722172412109377 0.5018398626302083 0.33981909912109376 0.5143332200520833
28 0.42997704345703125 0.5830126243489583 0.4512330537109375 0.698834099609375 0.5074731298828125 0.6838062903645833 0.491260283203125 0.5605806126302083 0.42997704345703125 0.5830126243489583
29 0.49545176806640623 0.5624451354166666 0.510047791015625 0.68808824609375 0.5736239038085937 0.67117922265625 0.5544705629882812 0.55356016015625 0.49545176806640623 0.5624451354166666
30 0.5614112270507813 0.5449870520833333 0.5771944951171875 0.6766048841145834 0.6438024379882813 0.6616655514322917 0.62831584765625 0.5378553450520833 0.5614112270507813 0.5449870520833333
34 0.7065166127929687 0.8846251796875001 0.702194833984375 0.7478823085937499 0.4858228588867187 0.7920719283854166 0.5012552807617188 0.9155362890625001 0.7065166127929687 0.8846251796875001
36 0.359625802734375 0.8135604798177084 0.380245533203125 0.940963134765625 0.488735142578125 0.9150249023437499 0.472163720703125 0.7929951139322916 0.359625802734375 0.8135604798177084
35 0.37465740771484374 0.938326955078125 0.3470170068359375 0.8087296256510417 0.24057361376953126 0.8402872428385417 0.26932398876953123 0.9600405638020834 0.37465740771484374 0.938326955078125
36 0.14188164501953124 0.8171735390625 0.17395129541015625 0.9741820598958334 0.26456095654296874 0.9663857845052083 0.23261600537109375 0.7929321842447917 0.14188164501953124 0.8171735390625