21 0.12744140625 0.421875 0.1474609375 0.3190104166666667
20 0.26708984375 0.4192708333333333 0.125 0.30859375
19 0.3818359375 0.4264322916666667 0.09912109375 0.2688802083333333
41 0.49365234375 0.4140625 0.09521484375 0.27734375
22 0.59716796875 0.3971354166666667 0.095703125 0.26953125
43 0.68505859375 0.4368489583333333 0.05517578125 0.18424479166666666
9 0.14697265625 0.7727864583333334 0.0849609375 0.17838541666666666
9 0.2294921875 0.7610677083333334 0.06884765625 0.17838541666666666
3 0.29736328125 0.744140625 0.05126953125 0.19140625
2 0.349609375 0.736328125 0.05078125 0.18619791666666666
1 0.3984375 0.74609375 0.041015625 0.15950520833333334
4 0.4453125 0.7200520833333334 0.03857421875 0.19661458333333334
25 0.50341796875 0.7356770833333334 0.06494140625 0.13151041666666666
24 0.609375 0.7408854166666666 0.119140625 0.087890625
27 0.166748046875 0.9596354166666666 0.06689453125 0.08072916666666667
27 0.237548828125 0.9580078125 0.06298828125 0.083984375
26 0.296630859375 0.9684244791666666 0.04345703125 0.06315104166666667
18 0.361083984375 0.9534505208333334 0.04248046875 0.09309895833333333
17 0.45458984375 0.9524739583333334 0.109375 0.08919270833333333
10 0.5673828125 0.921875 0.10400390625 0.09375