5 0.0755787037037037 0.3741391782407408 0.11379846643518521 0.36123649691358023
8 0.14843569155092592 0.3954933449074074 0.0820095486111111 0.31258198302469137
8 0.21469726562500002 0.3942298418209877 0.09566695601851849 0.3130111882716049
7 0.2822048611111111 0.416136188271605 0.07585720486111114 0.2770013503086419
7 0.3402162905092593 0.41649546682098765 0.07134693287037042 0.2714457947530864
6 0.43265516493055556 0.397803337191358 0.15109953703703694 0.3069926697530865
6 0.6048864293981482 0.4383825231481482 0.2118525752314815 0.25525173611111107
42 0.1646122685185185 0.695724826388889 0.05496961805555556 0.1486207561728395
32 0.2328685619212963 0.685520351080247 0.10186270254629626 0.1750723379629632
31 0.33175636574074074 0.6718870563271605 0.09734157986111114 0.19096257716049378
31 0.42957718460648153 0.6760416666666668 0.08125723379629624 0.19099151234567913
28 0.49707935474537035 0.7086709104938271 0.06431568287037037 0.1305121527777778
29 0.5596498842592592 0.7058159722222223 0.05882884837962976 0.12487943672839504
30 0.6216905381944444 0.7120177469135802 0.06364293981481484 0.14410686728395058
23 0.19250578703703705 0.898097511574074 0.12363642939814817 0.18979070216049365
35 0.3027199074074074 0.90063175154321 0.11741536458333335 0.17305169753086425
36 0.42183702256944444 0.8980203510802469 0.12027271412037033 0.1700279706790123
34 0.5787742332175926 0.8974223572530864 0.20171802662037042 0.19401041666666666
37 0.4318088107638889 0.9996262538580246 0.09781901041666663 0.000747492283950694
0 0.12434172453703704 0.7260127314814815 0.04733796296296294 0.11227334104938258