21 0.13037109375 0.3658854166666667 0.1044921875 0.2591145833333333
20 0.1829310517578125 0.48054993359375 0.2733501982421875 0.4950701061197917 0.2758618549804687 0.311891865234375 0.2591175595703125 0.25939550260416666 0.2892571923828125 0.24599239388020833 0.183140376953125 0.23748941796875 0.1829310517578125 0.48054993359375
19 0.2833965771484375 0.34204927278645836 0.2750245537109375 0.49283630924479166 0.3671178076171875 0.502888888671875 0.35288541650390626 0.4269368385416667 0.36962946435546873 0.26274636263020834 0.26581522802734375 0.2612103177083333 0.2833965771484375 0.34204927278645836
41 0.36795510888671873 0.34986772460937504 0.3671178076171875 0.49395337304687503 0.460048611328125 0.5040056217447917 0.46088591259765627 0.31300892838541666 0.4809789184570312 0.26833101822916666 0.35581547607421876 0.248652447265625 0.36795510888671873 0.34986772460937504
22 0.47679290673828123 0.33087996028645833 0.46758358154296875 0.49060251302083335 0.572235119140625 0.5073564817708334 0.56051413671875 0.3699728834635417 0.5990260415039063 0.25716170638020835 0.46569965283203124 0.23748941796875 0.47679290673828123 0.33087996028645833
43 0.572235119140625 0.50065476171875 0.6442353671875 0.502888888671875 0.652607638671875 0.3565694446614583 0.6634913193359375 0.3342308203125 0.5829097221679688 0.32400132291666667 0.572235119140625 0.50065476171875
9 0.13105977197265625 0.7149189817708334 0.17495858154296876 0.7081286373697916 0.16859647802734376 0.6079722220052083 0.1113373017578125 0.6035542330729167 0.13105977197265625 0.7149189817708334
9 0.18959151806640626 0.7123726848958333 0.22585565478515626 0.715767857421875 0.225219494140625 0.6139136907552083 0.1741634423828125 0.610976521484375 0.18959151806640626 0.7123726848958333
3 0.27866145849609375 0.7217093255208332 0.2672095732421875 0.5926941139322917 0.23460367041015626 0.600373015625 0.2423970732421875 0.7166167330729167 0.27866145849609375 0.7217093255208332
2 0.32192385888671876 0.7276507936197917 0.3161979165039063 0.59863558203125 0.27277628955078126 0.5950714283854167 0.2805699404296875 0.7217093255208332 0.32192385888671876 0.7276507936197917
1 0.32446875 0.7293482141927083 0.3569156748046875 0.7318948411458334 0.35437078369140623 0.6240992063802083 0.3204923115234375 0.617338955078125 0.32446875 0.7293482141927083
4 0.4001780751953125 0.7352896822916667 0.400814236328125 0.5952407408854167 0.362641369140625 0.597787037109375 0.36073288671875 0.7318948411458334 0.4001780751953125 0.7352896822916667
25 0.41035739111328123 0.7268019179687499 0.473342509765625 0.7318948411458334 0.48288591259765623 0.6190066139322917 0.4055858134765625 0.612037037109375 0.41035739111328123 0.7268019179687499
24 0.4746150795898437 0.7488703704427083 0.6094923115234375 0.75311441796875 0.6044025297851563 0.655504298828125 0.4819315478515625 0.653390873046875 0.4746150795898437 0.7488703704427083
27 0.153327380859375 0.8845509257812499 0.19404489111328124 0.8904923938802084 0.17750347216796875 0.7614771822916667 0.13360466259765624 0.7562453704427083 0.153327380859375 0.8845509257812499
27 0.20104340283203126 0.8862483463541667 0.2443058037109375 0.8930386907552084 0.23603497021484374 0.7954285716145834 0.19086383935546875 0.7880558860677084 0.20104340283203126 0.8862483463541667
26 0.26211979150390624 0.8904923938802084 0.28311483154296874 0.8921898151041666 0.2850235615234375 0.8548435846354167 0.2754804067382812 0.8157996028645833 0.25368997998046877 0.8156253307291667 0.25257663671875 0.8624824733072917 0.26211979150390624 0.8904923938802084
18 0.30919965283203127 0.8989801588541666 0.34228273828125 0.9023753307291668 0.33846552587890627 0.8310777115885416 0.3022011411132812 0.827289021484375 0.30919965283203127 0.8989801588541666
17 0.35437078369140623 0.8981316139322916 0.46443551611328127 0.9168045638020833 0.46379935498046876 0.8293799602864583 0.416719494140625 0.8463558203125 0.3674131943359375 0.8145648151041667 0.35437078369140623 0.8981316139322916
10 0.4650719248046875 0.9159560182291666 0.5840436508789062 0.9295363756510416 0.5757728173828125 0.8293799602864583 0.5216946923828125 0.8463558203125 0.47636458349609373 0.8198667330729167 0.4650719248046875 0.9159560182291666
14 0.25954582421875 1 0.25639384912109375 0.975370701171875 0.23730753955078124 0.9914976848958333 0.2239471728515625 0.9847073411458332 0.2242569501953125 1 0.25954582421875 1
13 0.38858072021484374 1 0.38936235107421874 0.9702781087239584 0.3728209326171875 0.9847073411458332 0.3507125498046875 0.9736180553385417 0.35105695458984376 1 0.38858072021484374 1