21 0.02059199951171875 0.196540626953125 0.01086122412109375 0.43974685872395836 0.091851591796875 0.4377650319010417 0.1110042822265625 0.19215651302083334 0.02059199951171875 0.196540626953125
20 0.1129199609375 0.19526077083333335 0.092361654296875 0.44410615625 0.17666185595703124 0.45046488671875 0.1781224619140625 0.20288610807291665 0.1129199609375 0.19526077083333335
19 0.18165790234375 0.21437134830729165 0.1793682421875 0.4500254537760417 0.25569649951171874 0.4586348619791667 0.2658288818359375 0.20459544401041665 0.18165790234375 0.21437134830729165
41 0.26691566796875 0.19986235677083333 0.25941097119140627 0.4576073600260417 0.35195615087890625 0.46156067252604166 0.37286308984375 0.20569966406249998 0.26691566796875 0.19986235677083333
22 0.37807998828125 0.1891814921875 0.3569894921875 0.45804588997395834 0.4688805517578125 0.46983160416666664 0.495043421875 0.18230024348958332 0.37807998828125 0.1891814921875
43 0.490890974609375 0.25506886328125 0.47392578466796875 0.46724265755208333 0.5467459462890625 0.4733696315104167 0.5617480424804687 0.2541273209635417 0.490890974609375 0.25506886328125
9 0.02266989404296875 0.5380151966145833 0.035994814453125 0.6855460026041666 0.08442053662109375 0.6840580351562501 0.0696306083984375 0.52849858203125 0.02266989404296875 0.5380151966145833
9 0.0730024423828125 0.5437732630208333 0.0893515751953125 0.6978240683593749 0.13341946435546875 0.696826455078125 0.12339478125 0.5343319563802084 0.0730024423828125 0.5437732630208333
3 0.12526058349609376 0.5319536588541667 0.13581056103515626 0.70874555859375 0.16838646728515624 0.7059940143229166 0.15638054248046876 0.525440544921875 0.12526058349609376 0.5319536588541667
2 0.15967232958984376 0.5280815611979167 0.169106083984375 0.7098740605468751 0.21048761767578125 0.7174055305989584 0.1997653837890625 0.5251290000000001 0.15967232958984376 0.5280815611979167
1 0.20349288330078125 0.5632649414062499 0.21157299462890625 0.7229285703125 0.24572111279296874 0.721472181640625 0.23523914306640625 0.5615236979166667 0.20349288330078125 0.5632649414062499
4 0.29687117431640625 0.72237639453125 0.29142594921875 0.5264583828125 0.24192244091796875 0.5246439127604167 0.24560024609375 0.7278968333333333 0.29687117431640625 0.72237639453125
25 0.29668566650390626 0.589521890625 0.30241444970703124 0.7284777083333333 0.35667340234375 0.7390855494791667 0.37049977197265627 0.6007154733072917 0.29668566650390626 0.589521890625
24 0.3873128857421875 0.6524611373697916 0.3530162548828125 0.7577647825520833 0.5093133159179688 0.7848757695312499 0.5244624658203125 0.6654019993489583 0.3873128857421875 0.6524611373697916
27 0.03816571337890625 0.734830130859375 0.05255522607421875 0.8827428294270834 0.09151509765625 0.8877962753906249 0.0902586171875 0.7309119062499999 0.03816571337890625 0.734830130859375
27 0.09251125830078125 0.7698487395833333 0.09536506787109375 0.8931929459635417 0.1350082470703125 0.9070002447916666 0.1230696875 0.7691970234375001 0.09251125830078125 0.7698487395833333
26 0.14567203466796874 0.812517658203125 0.14542781640625 0.9037630253906249 0.17869739404296875 0.9141331953125 0.1715020263671875 0.8201056419270834 0.14567203466796874 0.812517658203125
18 0.18680575146484374 0.8296551653645833 0.19082714111328125 0.9219661744791666 0.22656960400390624 0.9316784453125 0.2193897861328125 0.839592544921875 0.18680575146484374 0.8296551653645833
17 0.269717904296875 0.8347069231770834 0.23834703955078124 0.930605873046875 0.3487109189453125 0.9719608593750001 0.3600064267578125 0.8832373971354167 0.269717904296875 0.8347069231770834
10 0.46865084375 0.9898647845052083 0.48428077294921873 0.9881060644531251 0.4886761552734375 0.8962999231770833 0.3812752685546875 0.86835124609375 0.35115913671875 0.9726940221354167 0.4131642587890625 0.9909608157552082 0.46865084375 0.9898647845052083
15 0.1495582685546875 0.99616784765625 0.148801716796875 0.9836889290364583 0.11218390380859375 0.9819790501302084 0.1125101923828125 0.9968996614583333 0.1495582685546875 0.99616784765625