27 0.21530803564453124 0.9950598548177084 0.22144320458984376 0.8149837962239582 0.1601636904296875 0.8184785052083333 0.153548611328125 0.997242724609375 0.21530803564453124 0.9950598548177084
27 0.22594221240234375 0.9868746692708333 0.2823846728515625 0.9825092591145833 0.28483878955078124 0.8509990078124999 0.23257514892578124 0.8520251321614584 0.22594221240234375 0.9868746692708333
26 0.3306470732421875 0.9857833997395833 0.33351016845703124 0.871189484375 0.2970086806640625 0.8659345240885417 0.28770163671875 0.9748693782552084 0.3306470732421875 0.9857833997395833
18 0.39404265869140626 0.9789745371093751 0.40713070458984374 0.8742030423177084 0.37003372998046874 0.8692073411458333 0.35436929541015627 0.9773376321614583 0.39404265869140626 0.9789745371093751
17 0.5236966767578125 0.9604212962239583 0.5138807045898437 0.8665634921875 0.41973958349609375 0.8667526451822917 0.4173559028320312 0.9713349869791666 0.5236966767578125 0.9604212962239583
17 0.5322857143554688 0.9516904759114584 0.6365815971679688 0.9380482805989584 0.6096498017578125 0.858609126953125 0.526515376953125 0.8626617063802083 0.5322857143554688 0.9516904759114584
9 0.229623263671875 0.7570152115885417 0.23371329345703126 0.57366534375 0.1619600693359375 0.5714285716145834 0.1619610615234375 0.7566934524739583 0.229623263671875 0.7570152115885417
9 0.30692485107421874 0.7510128971354167 0.31265104150390627 0.5687539680989583 0.250984623046875 0.5681074733072916 0.24312028759765625 0.7499212962239583 0.30692485107421874 0.7510128971354167
3 0.3564141865234375 0.7591980820312499 0.37154737109375 0.561660052734375 0.32339583349609374 0.5566527779947917 0.31142385888671875 0.7570152115885417 0.3564141865234375 0.7591980820312499
2 0.359686259765625 0.7521041666666667 0.408766865234375 0.754832671875 0.4259449404296875 0.5534748678385416 0.3773975693359375 0.550107142578125 0.359686259765625 0.7521041666666667
1 0.40672172607421875 0.7570152115885417 0.4525302578125 0.7499212962239583 0.4586651787109375 0.57803075390625 0.42158060498046873 0.5787443782552083 0.40672172607421875 0.7570152115885417
4 0.44639508935546873 0.7428273808593749 0.49138541650390627 0.74664715625 0.5142896826171875 0.5381957669270833 0.4639228671875 0.5353792988281251 0.44639508935546873 0.7428273808593749
25 0.5584620537109375 0.7482843912760417 0.58013913671875 0.612954365234375 0.5111741069335938 0.5991994049479167 0.49424851171875 0.741736111328125 0.5584620537109375 0.7482843912760417
24 0.6827988588867188 0.7357334654947917 0.6578497021484375 0.64624140234375 0.5762214780273438 0.6630195104166666 0.5752311508789063 0.7581064817708333 0.6827988588867188 0.7357334654947917
21 0.266842509765625 0.4491107805989583 0.2893377978515625 0.17026587304687502 0.1588655751953125 0.13697916666666668 0.15395758935546874 0.437651455078125 0.266842509765625 0.4491107805989583
20 0.39199752001953125 0.46711838606770834 0.39895064501953126 0.19154761914062501 0.30447098193359373 0.17790542317708333 0.29179191455078124 0.44147123046875003 0.39199752001953125 0.46711838606770834
19 0.48320535693359373 0.4736666666666667 0.5134714780273437 0.22374305533854166 0.4031708828125 0.21218816145833333 0.39976860107421874 0.4660271165364583 0.48320535693359373 0.4736666666666667
41 0.5093816962890625 0.23164021158854167 0.4864774306640625 0.4651934524739583 0.5785032241210938 0.4815638229166667 0.5995404267578125 0.24164351822916666 0.5093816962890625 0.23164021158854167
22 0.6736666665039063 0.48401025130208336 0.6990250498046875 0.252639880859375 0.600046130859375 0.24118055533854166 0.5730518354492188 0.47582506640625 0.6736666665039063 0.48401025130208336
43 0.719703125 0.4954695768229167 0.7497519838867187 0.32739880924479164 0.6940431547851562 0.3169183203125 0.67103174609375 0.48128174609375 0.719703125 0.4954695768229167