5 0.12632663671875 0.3826858463541667 0.10831770849609375 0.12829431184895834 0.06620882958984375 0.13806746028645833 0.09030877978515625 0.3826858463541667 0.12632663671875 0.3826858463541667
8 0.1337418154296875 0.38833895507812505 0.16870014892578125 0.3840992063802083 0.151750744140625 0.15232010611979166 0.115203373046875 0.15748875651041666 0.1337418154296875 0.38833895507812505
8 0.1729375 0.38975231510416664 0.20895510888671875 0.3954054231770833 0.1962430556640625 0.16645304231770833 0.15625297607421876 0.15748875651041666 0.1729375 0.38975231510416664
7 0.21107390869140624 0.3954054231770833 0.251328869140625 0.3925787037760417 0.23755729150390625 0.1819993385416667 0.199421130859375 0.180585978515625 0.21107390869140624 0.3954054231770833
7 0.2523881450195313 0.39399206380208335 0.3053551586914062 0.398232142578125 0.2905245537109375 0.180585978515625 0.24232440478515624 0.1822066796875 0.2523881450195313 0.39399206380208335
0 0.1284451884765625 0.5932655423177083 0.14539459326171875 0.6003320104166666 0.1411572421875 0.5438005950520833 0.125796875 0.533555224609375 0.1284451884765625 0.5932655423177083
42 0.15810664697265625 0.60315873046875 0.1856495537109375 0.6045717591145833 0.17929365087890625 0.5197748014322917 0.1496319443359375 0.5194305553385417 0.15810664697265625 0.60315873046875
32 0.18776835302734374 0.6088118385416667 0.23967609130859374 0.6257711640625 0.23649801611328125 0.47878935156249997 0.1761155751953125 0.45763558203125004 0.18776835302734374 0.6088118385416667
31 0.2523881450195313 0.6271845240885416 0.314889384765625 0.6483839283854167 0.3117113095703125 0.457589947265625 0.25026934521484373 0.43468320117187503 0.2523881450195313 0.6271845240885416
31 0.32866071435546873 0.6582767858072917 0.38692460302734377 0.6794761907552083 0.39645858154296876 0.4703095240885417 0.329719990234375 0.457589947265625 0.32866071435546873 0.6582767858072917
28 0.39433978173828127 0.6936087962239584 0.450485119140625 0.7063287037760416 0.45154439501953125 0.59467890234375 0.3953993056640625 0.5847857141927083 0.39433978173828127 0.6936087962239584
29 0.4579002978515625 0.7148082011718749 0.5161641865234375 0.7317675266927083 0.52357961328125 0.6158783066406249 0.45684102197265625 0.6006468255208334 0.4579002978515625 0.7148082011718749
30 0.524638888671875 0.7473138229166666 0.5987929067382812 0.7557936510416666 0.6040895336914063 0.6356643515625 0.5270225693359375 0.6253647486979167 0.524638888671875 0.7473138229166666
23 0.15069122021484374 0.8008108463541667 0.21107390869140624 0.8403829361979166 0.2047177578125 0.728733134765625 0.219548611328125 0.6905744049479167 0.15281002001953126 0.6623088626302084 0.15069122021484374 0.8008108463541667
35 0.22166716259765626 0.8446226848958333 0.2958211806640625 0.8813683860677083 0.29158382958984375 0.766891865234375 0.20789583349609375 0.7312989420572916 0.22166716259765626 0.8446226848958333
36 0.30747395849609377 0.8983277115885416 0.39963665673828125 0.93507308203125 0.40175545654296874 0.8121170638020834 0.3011178076171875 0.7725453040364583 0.30747395849609377 0.8983277115885416
34 0.6319049633789062 1 0.6401071430664063 0.9336597220052084 0.41314335302734373 0.8231084654947917 0.4165860615234375 0.9590992063802083 0.4922599135742188 1 0.6319049633789062 1
39 0.22537816064453126 1 0.22166716259765626 0.9336597220052084 0.15890128955078126 0.8990277779947916 0.17187822412109374 0.9873647486979166 0.188860423828125 1 0.22537816064453126 1
40 0.3045004702148438 1 0.3042958828125 0.9817116399739584 0.23437921630859376 0.9431669973958333 0.238684048828125 1 0.3045004702148438 1
6 0.30889434521484377 0.4012066796875 0.38705952392578125 0.4087450397135417 0.373875248046875 0.131079365234375 0.3098360615234375 0.11097685156249999 0.2966515375976562 0.15099404752604167 0.30889434521484377 0.4012066796875
6 0.41531200390625 0.422565806640625 0.62343898828125 0.43889880924479163 0.63662351171875 0.22405324088541667 0.4190791171875 0.21220800260416664 0.41531200390625 0.422565806640625