21 0.1719292534722222 0.16593123070987656 0.15388454861111112 0.31982060185185185
20 0.2895779079861111 0.2083695023148148 0.14152560763888888 0.31441936728395065
19 0.38220486111111107 0.2489486882716049 0.1386067708333334 0.299927662037037
41 0.489013671875 0.2745177469135802 0.15934244791666674 0.3227961033950617
22 0.6098687065972223 0.3030309606481481 0.16270616319444442 0.33601948302469137
43 0.7087293836805555 0.37645881558641975 0.11055772569444455 0.23303433641975305
9 0.12251519097222223 0.48941936728395063 0.10837673611111112 0.2114486882716049
9 0.1929416232638889 0.5099995177469135 0.09585503472222223 0.21577932098765432
3 0.25057508680555557 0.5285276813271605 0.07883029513888884 0.21655092592592595
2 0.29794921875 0.5402608989197532 0.08246527777777768 0.22329764660493825
1 0.34365234375 0.5752748842592593 0.07039930555555562 0.18284143518518517
4 0.39212782118055556 0.5686607831790124 0.08480902777777777 0.23515142746913575
25 0.4582790798611111 0.6224898726851852 0.1074001736111111 0.1821518132716049
24 0.508219037109375 0.6244480045572917 0.486483587890625 0.72504078125 0.6329990283203125 0.7743918990885416 0.637602080078125 0.6624662916666667 0.508219037109375 0.6244480045572917
27 0.08452114013671876 0.6312719973958333 0.0754800458984375 0.7934386731770834 0.120637962890625 0.8118400944010417 0.13159210302734375 0.6464003541666666 0.08452114013671876 0.6312719973958333
27 0.141678498046875 0.6865897513020833 0.1309730732421875 0.813988861328125 0.17780353125 0.834905458984375 0.18812381884765625 0.7023969635416667 0.141678498046875 0.6865897513020833
26 0.21715494791666667 0.7885923032407408 0.0649088541666667 0.13504533179012354
18 0.2769694010416667 0.8138213734567902 0.0712999131944444 0.13678626543209868
17 0.37801106770833337 0.8499035493827161 0.15302734375000004 0.16257233796296303
10 0.4532731044921875 0.836926279296875 0.4366481083984375 0.9338063040364584 0.5197281831054688 0.9663727018229166 0.564323236328125 0.9632895872395834 0.5656884755859375 0.870941912109375 0.4532731044921875 0.836926279296875