21 0 0.5375707259114583 0.0030386142578125 0.5666103131510417 0.07995228955078125 0.5440891497395833 0.08360964013671875 0.4333282760416666 0.06562575146484376 0.301950708984375 0 0.3235635774739583 0 0.5375707259114583
20 0.1396518798828125 0.304395404296875 0.1376981748046875 0.2875230247395833 0.07116194140625 0.3093012434895833 0.08443097509765625 0.553165609375 0.170305716796875 0.5345390651041667 0.1396518798828125 0.304395404296875
19 0.19661458333333331 0.4051649305555556 0.14178240740740744 0.2731963734567901
41 0.2881944444444444 0.3694782021604938 0.16162109375 0.3059895833333333
22 0.4551841357421875 0.17067163736979166 0.336713302734375 0.2113545546875 0.35130458984375 0.47937558398437496 0.45705599609375 0.4524820690104167 0.4551841357421875 0.17067163736979166
43 0.5236143857421875 0.23502628385416668 0.449704123046875 0.25383509505208335 0.4624942333984375 0.45336842903645835 0.5395121923828124 0.4356410950520833 0.5236143857421875 0.23502628385416668
9 0.062201605902777776 0.7166280864197532 0.09595630787037038 0.1845823688271603
9 0.11562319155092592 0.7104190779320988 0.09065755208333334 0.1856192129629631
3 0.1324669775390625 0.6589111510416666 0.1602131640625 0.787598982421875 0.19724899169921875 0.7827591197916667 0.16659080615234376 0.6262132460937501 0.1397943134765625 0.6124219244791667 0.1324669775390625 0.6589111510416666
2 0.20840187939453125 0.6217604915364584 0.19246337353515625 0.5975690104166667 0.17706903759765624 0.6051936354166666 0.16687763916015624 0.64824521484375 0.19748845703125 0.78037280859375 0.23585026904296874 0.7765314498697916 0.20840187939453125 0.6217604915364584
1 0.24206090856481483 0.7002797067901234 0.08018663194444442 0.18120659722222232
4 0.2864040798611111 0.6734182098765432 0.10152633101851849 0.23225308641975317
25 0.34961841724537035 0.6881510416666666 0.1054325810185186 0.17985628858024683
24 0.4036081787109375 0.6618248430989583 0.38788975439453127 0.7716559270833333 0.550942896484375 0.7494065234375 0.5452399067382813 0.6302572734374999 0.4036081787109375 0.6618248430989583
27 0.1049351865234375 0.9814653138020834 0.1451019130859375 0.9738498365885416 0.1225783271484375 0.8606439251302084 0.13640505517578125 0.8383303294270833 0.1288477802734375 0.823015380859375 0.06810834130859375 0.827091529296875 0.09844093798828125 0.95732646484375 0.1049351865234375 0.9814653138020834
27 0.12159351171875 0.8740189641927083 0.14839011767578125 0.980175478515625 0.19922163134765625 0.9728895748697917 0.1738882373046875 0.848585279296875 0.14006226025390625 0.8451609694010417 0.12159351171875 0.8740189641927083
26 0.2176811201171875 0.8777073990885417 0.18787090087890626 0.879538283203125 0.19853105908203125 0.9762193658854167 0.23622992529296874 0.9718790709635416 0.2176811201171875 0.8777073990885417
18 0.2940688310546875 0.9480531119791666 0.281966861328125 0.8536016940104166 0.24229200048828126 0.8635642916666666 0.227200279296875 0.8983489518229167 0.24585877783203125 0.9772036972656251 0.2841932998046875 0.9771916002604167 0.2940688310546875 0.9480531119791666
17 0.4125882333984375 0.9768817884114583 0.41548282861328123 0.87520369921875 0.3631881030273437 0.9006373841145834 0.31278981298828124 0.8717173001302084 0.2931353779296875 0.9698080423177083 0.392602705078125 0.9778687278645833 0.4125882333984375 0.9768817884114583
10 0.4938141313476562 0.9728706328125 0.553395908203125 0.9491133404947917 0.54693011328125 0.8586242252604167 0.48258974560546875 0.8903881373697917 0.42421137841796874 0.867369986328125 0.41017281396484373 0.9770010683593751 0.4938141313476562 0.9728706328125