5 0.10302734375 0.21354166666666666 0.0654296875 0.3294270833333333
8 0.169921875 0.24088541666666666 0.068359375 0.2786458333333333
8 0.2294921875 0.24088541666666666 0.05859375 0.2884114583333333
7 0.28466796875 0.2552083333333333 0.05126953125 0.2526041666666667
7 0.33544921875 0.2552083333333333 0.052734375 0.24739583333333334
6 0.4296875 0.24283854166666666 0.130859375 0.27734375
6 0.59619140625 0.28125 0.17431640625 0.20247395833333334
0 0.12451171875 0.564453125 0.03271484375 0.09895833333333333
42 0.16162109375 0.5455729166666666 0.0400390625 0.13802083333333334
32 0.2294921875 0.5345052083333334 0.091796875 0.16276041666666666
31 0.3193359375 0.5208333333333334 0.09228515625 0.19986979166666666
31 0.4130859375 0.5208333333333334 0.0859375 0.20833333333333334
28 0.4814453125 0.5729166666666666 0.052734375 0.11067708333333333
29 0.54248046875 0.5729166666666666 0.0576171875 0.11263020833333333
30 0.6103515625 0.5748697916666666 0.0576171875 0.11783854166666667
23 0.177734375 0.7584635416666666 0.1015625 0.173828125
35 0.28173828125 0.783203125 0.10400390625 0.12044270833333333
36 0.4013671875 0.7877604166666666 0.111328125 0.12369791666666667
34 0.56396484375 0.79296875 0.19921875 0.13932291666666666
39 0.191162109375 0.9641927083333334 0.10009765625 0.07161458333333333
40 0.297119140625 0.9625651041666666 0.09619140625 0.07486979166666667
37 0.398681640625 0.9563802083333334 0.09912109375 0.08723958333333333
38 0.536376953125 0.9677734375 0.14697265625 0.064453125