20 0.18599356192129632 0.280418113425926 0.16937572337962964 0.3494164737654321
19 0.3110821759259259 0.2706404320987654 0.13892144097222225 0.31536940586419754
22 0.43917824074074074 0.24701003086419757 0.1830439814814815 0.3494405864197531
41 0.5724247685185185 0.21940104166666666 0.15318648726851847 0.33494888117283955
43 0.6801341869212962 0.2608627507716049 0.10233651620370354 0.23220486111111108
9 0.08527741608796297 0.6945047260802469 0.10974030671296298 0.24688946759259256
9 0.17226743344907408 0.6851249035493826 0.10876736111111107 0.24749228395061706
3 0.24808485243055556 0.6647738233024691 0.08784722222222219 0.2601273148148149
2 0.3160228587962963 0.6560812114197531 0.0947265625 0.2682773919753087
1 0.37821180555555556 0.6711998456790124 0.06859085648148144 0.2207754629629631
4 0.4282298900462963 0.6352478780864198 0.08161892361111112 0.281298225308642
25 0.5116192853009259 0.6585768711419753 0.11581669560185182 0.19837480709876543
24 0.6546187789351852 0.677686149691358 0.17951750578703707 0.15400752314814822
27 0.12468532986111111 0.9375723379629629 0.09641927083333335 0.12485532407407411
27 0.20451569733796293 0.9402488425925926 0.09201750578703705 0.11950231481481488
26 0.28299696180555556 0.9662784529320988 0.06538628472222219 0.06744309413580248
18 0.3629213686342593 0.9519555362654321 0.06703197337962963 0.09608892746913582
17 0.4821017795138889 0.946506076388889 0.16672092013888884 0.10698784722222203
10 0.6475007233796296 0.9341242283950617 0.18198784722222228 0.1317515432098766
21 0.06482747395833334 0.29716435185185186 0.12965494791666668 0.3365162037037037