8 0.14098488136574075 0.30575086805555557 0.09360894097222222 0.30027488425925924
8 0.202587890625 0.30223524305555555 0.08976779513888888 0.3059027777777777
7 0.2606463396990741 0.3099103009259259 0.08346715856481479 0.26584201388888884
7 0.31346752025462965 0.3052228009259259 0.0815502025462963 0.2689814814814815
6 0.40752857349537036 0.28278356481481476 0.16349103009259258 0.30962094907407406
6 0.5680826822916667 0.3004412615740741 0.19982638888888893 0.2421585648148148
0 0.1274612991898148 0.6433883101851853 0.0431929976851852 0.1105613425925925
42 0.1636791087962963 0.6158926504629629 0.06028645833333335 0.15581597222222218
32 0.22965675636574073 0.5924406828703703 0.10855034722222223 0.19576099537037037
31 0.3200267650462963 0.572388599537037 0.11660156249999998 0.2177083333333334
31 0.4105613425925926 0.5595124421296296 0.10150101273148149 0.220066550925926
28 0.4842628761574074 0.6104600694444444 0.06773003472222228 0.12307581018518521
29 0.54150390625 0.6037543402777777 0.06625072337962967 0.12168692129629625
30 0.6138491030092592 0.6008752893518517 0.06872106481481488 0.12443576388888881
23 0.1955692997685185 0.823972800925926 0.12085865162037035 0.20559895833333344
35 0.3050582320601852 0.8421875 0.12512659143518523 0.15054976851851856
36 0.4212311921296297 0.8305049189814815 0.12805627893518512 0.15072337962962953
34 0.5836118344907407 0.815697337962963 0.21182725694444438 0.18041087962962976
39 0.22850658275462965 0.9951099537037038 0.10618851273148144 0.009780092592592382
40 0.33259729456018516 0.9903935185185185 0.10538556134259269 0.01921296296296286
37 0.4405237268518518 0.9700810185185186 0.110300925925926 0.05983796296296292
38 0.5701515480324074 0.9742549189814814 0.15373625578703698 0.05149016203703708
5 0.07591145833333333 0.291796875 0.1116572627314815 0.3436342592592592