21 0.03379538671875 0.37044047591145834 0.1385386904296875 0.3823809524739583 0.15912921630859375 0.10536640234375 0.0369288193359375 0.09280687825520834 0.03379538671875 0.37044047591145834
20 0.24865352197265625 0.39790310872395834 0.2781966767578125 0.13879927278645834 0.17076760888671874 0.11611276432291667 0.14435788671875 0.3822685182291667 0.24865352197265625 0.39790310872395834
19 0.30810546875 0.28125 0.0791015625 0.2688802083333333
41 0.41064453125 0.287109375 0.09326171875 0.2805989583333333
22 0.46619742041015627 0.42297784375 0.57362648828125 0.44685846549479163 0.5933219248046875 0.16267989388020834 0.4841021826171875 0.14596329361979168 0.46619742041015627 0.42297784375
43 0.6810555556640625 0.2653660716145833 0.6031693950195313 0.2498439153645833 0.5870550595703125 0.44685846549479163 0.6577792661132813 0.458798611328125 0.6810555556640625 0.2653660716145833
9 0.12242435498046875 0.66288458984375 0.12152926611328126 0.484974537109375 0.04722395849609375 0.47542228841145834 0.0615478671875 0.6538253971354167 0.12242435498046875 0.66288458984375
9 0.12152926611328126 0.4861683203125 0.12690054541015625 0.6725297617187499 0.18867237109375 0.6879593255208333 0.18598660693359376 0.4921385579427084 0.12152926611328126 0.4861683203125
3 0.18777703369140625 0.4838733463541667 0.19225322412109375 0.6808878971354168 0.23612003955078126 0.691126984375 0.23432961328125 0.49342559505208333 0.18777703369140625 0.4838733463541667
2 0.237015376953125 0.48864947070312503 0.23612003955078126 0.6928280423177083 0.28871552587890625 0.6985873014322918 0.2898345732421875 0.4958134921875 0.237015376953125 0.48864947070312503
1 0.2871490576171875 0.6987982805989583 0.32743502001953123 0.7011865078125 0.3354920634765625 0.5364103834635416 0.29431101171875 0.525507275390625 0.2871490576171875 0.6987982805989583
4 0.3265396826171875 0.7059623014322917 0.37309226171875 0.7119325397135418 0.3927874501953125 0.5005896165364584 0.3401919643554687 0.488205357421875 0.3265396826171875 0.7059623014322917
25 0.38025421630859374 0.7131266536458334 0.45545461328125 0.7262609127604166 0.476045138671875 0.5746193782552084 0.3838350693359375 0.5538564817708334 0.38025421630859374 0.7131266536458334
24 0.470673611328125 0.6223806217447917 0.4509781748046875 0.7298429231770833 0.6085409228515625 0.7561117727864582 0.6076455854492188 0.6359203040364584 0.470673611328125 0.6223806217447917
27 0.06781473193359375 0.8753287037760417 0.1233196923828125 0.8932390872395833 0.12421478173828125 0.7035281087239583 0.06333854150390625 0.6975578704427083 0.06781473193359375 0.8753287037760417
27 0.131376736328125 0.8872688489583332 0.182405505859375 0.8956269843750001 0.18509127001953124 0.752483134765625 0.1277958828125 0.7333786373697917 0.131376736328125 0.8872688489583332
26 0.191358134765625 0.8896570768229166 0.2298534228515625 0.9039854498697917 0.22895833349609376 0.8002440475260416 0.19359622998046874 0.7881114420572916 0.191358134765625 0.8896570768229166
18 0.254248759765625 0.7861825397135417 0.2459677578125 0.9063733463541667 0.2987872021484375 0.9135376985677084 0.3079632934570313 0.7873763229166667 0.254248759765625 0.7861825397135417
17 0.29968229150390624 0.9075674602864584 0.43307341259765625 0.9493584654947916 0.4393402778320312 0.8395079361979166 0.3189300595703125 0.816460978515625 0.29968229150390624 0.9075674602864584
10 0.43038764892578124 0.9421941139322917 0.5727313989257813 0.96965674609375 0.5646741069335938 0.8610003307291666 0.44202579345703125 0.8418260579427083 0.43038764892578124 0.9421941139322917
12 0.1413946728515625 1 0.140329365234375 0.9875671295572918 0.0895243056640625 0.979096560546875 0.08971059228515625 1 0.1413946728515625 1
14 0.18999848876953124 1 0.1904627978515625 0.9780152115885418 0.143014880859375 0.9660747356770832 0.14431293798828124 1 0.18999848876953124 1
13 0.31591796875 0.9895833333333334 0.0478515625 0.020833333333333332