21 0.14894122021484374 0.4377506614583333 0.16505034716796874 0.16727810872395832 0.0642105654296875 0.15108862434895834 0.06215079345703125 0.422430224609375 0.14894122021484374 0.4377506614583333
20 0.22990575390625 0.4706875 0.238921626953125 0.197690806640625 0.16856051611328124 0.17340839973958333 0.14308308544921874 0.44082109765625005 0.22990575390625 0.4706875
19 0.23390054541015626 0.4698382936197916 0.32093253955078127 0.5055664680989583 0.33704166650390627 0.22895304231770833 0.2391865078125 0.21860912695312498 0.23390054541015626 0.4698382936197916
41 0.4145602680664062 0.5273382936197917 0.45933134912109375 0.24597949739583333 0.34025992041015624 0.21860912695312498 0.3258546625976563 0.49579695768229165 0.4145602680664062 0.5273382936197917
22 0.5449568452148438 0.5640261243489583 0.602280505859375 0.2614540345052083 0.46236433544921873 0.22739781770833334 0.4307276787109375 0.5179705690104167 0.5449568452148438 0.5640261243489583
43 0.6410027280273437 0.5828571425781249 0.6761502978515626 0.362626984375 0.578657986328125 0.34169279101562505 0.5584154267578125 0.5559391536458334 0.6410027280273437 0.5828571425781249
9 0.127921130859375 0.52290476171875 0.071015873046875 0.52011342578125 0.09444742041015625 0.673632275390625 0.14089211328125 0.6769818118489583 0.127921130859375 0.52290476171875
9 0.19256746044921874 0.701265873046875 0.1818975693359375 0.5404894179687499 0.124782986328125 0.548305224609375 0.14690178564453124 0.6944705690104166 0.19256746044921874 0.701265873046875
3 0.22959771826171874 0.7196881614583334 0.21934622998046874 0.5390939153645834 0.1800146328125 0.5457929895833333 0.19256746044921874 0.7143849205729166 0.22959771826171874 0.7196881614583334
2 0.26913864111328123 0.7473214283854167 0.26369915673828126 0.5516544309895833 0.2238055556640625 0.5496613756510417 0.2281331845703125 0.7330863092447917 0.26913864111328123 0.7473214283854167
1 0.30240848193359376 0.7570737434895833 0.29927033740234377 0.5979722220052083 0.2680644838867188 0.596536044921875 0.2680979663085937 0.7553991399739584 0.30240848193359376 0.7570737434895833
4 0.349077380859375 0.7824732141927083 0.3453115078125 0.5683839283854167 0.3047899306640625 0.5647281744791667 0.304515376953125 0.7696335976562501 0.349077380859375 0.7824732141927083
25 0.42210515869140625 0.7975459654947916 0.4373774799804688 0.6688693782552083 0.358779513671875 0.6421550924479167 0.3624799106445312 0.779682208984375 0.42210515869140625 0.7975459654947916
24 0.5793690478515625 0.8850142194010416 0.5938045634765625 0.7591286373697916 0.4526336806640625 0.7133042330729166 0.41953174609375 0.8227691796875 0.5793690478515625 0.8850142194010416
27 0.15240252978515625 0.8718568118489584 0.13420114111328124 0.7320152115885418 0.09636507958984375 0.7158154759114583 0.1130709326171875 0.8545512565104166 0.15240252978515625 0.8718568118489584
27 0.1927802578125 0.8925122356770833 0.1839933037109375 0.788398478515625 0.1462740576171875 0.7660383600260418 0.1567958828125 0.8752063489583333 0.1927802578125 0.8925122356770833
26 0.23566840283203125 0.9078640872395832 0.229107638671875 0.817840939453125 0.206094494140625 0.80667592578125 0.20658804541015624 0.8986531087239583 0.23566840283203125 0.9078640872395832
18 0.2842053569335937 0.9416154101562499 0.27981200390625 0.8612271822916666 0.2482891865234375 0.84220965625 0.2501039184570312 0.924867724609375 0.2842053569335937 0.9416154101562499
17 0.40711464404296877 1 0.4225096728515625 0.9117490078125 0.3277041171875 0.8539282408854166 0.297610615234375 0.9391031744791666 0.40097962060546877 1 0.40711464404296877 1
10 0.5483710883789062 1 0.5525721728515625 0.9588964947916666 0.4425890375976563 0.915869708984375 0.4158959189453125 1 0.5483710883789062 1
12 0.17173302685546876 1 0.17321453369140624 0.9577731484375 0.13811284716796876 0.9556296295572917 0.12918297509765625 1 0.17173302685546876 1
14 0.2133521689453125 1 0.2115 0.9558191139322917 0.176561755859375 0.9588895501302083 0.176561755859375 1 0.2133521689453125 1
16 0.24914608056640625 1 0.249576388671875 0.9859646165364584 0.2161026787109375 0.9856855156250001 0.21629052099609375 1 0.24914608056640625 1