21 0.12939453125 0.259765625 0.1044921875 0.2747395833333333
20 0.20835987109375 0.31131944466145833 0.18354737109375 0.40213921940104164 0.28088814501953124 0.42250992057291664 0.2948846728515625 0.22813855794270832 0.282796875 0.16108465624999999 0.3120625 0.167875 0.31651612109375 0.15005059505208332 0.1962718251953125 0.133923611328125 0.20835987109375 0.31131944466145833
19 0.2974295634765625 0.22389484114583333 0.2929761904296875 0.3495145501302083 0.27897941455078124 0.41487103190104163 0.3763201884765625 0.4394857805989583 0.36995808544921877 0.3520608463541666 0.3992237104492187 0.17381646809895834 0.2847053569335937 0.16350661393229168 0.2974295634765625 0.22389484114583333
41 0.3985875498046875 0.17127017187500002 0.39477033740234374 0.27057771158854166 0.37250272802734374 0.42166137565104167 0.48702108154296875 0.4530661373697917 0.47175198388671874 0.40213921940104164 0.47938665673828124 0.342724537109375 0.49656448388671875 0.21965079361979167 0.5156507934570312 0.18909457682291667 0.38490897802734375 0.15926521158854165 0.3985875498046875 0.17127017187500002
22 0.515014384765625 0.27821693098958333 0.47875049609375 0.4360906087239584 0.6110828374023437 0.47004199739583336 0.5964499008789063 0.42166137565104167 0.604720486328125 0.31895833333333334 0.6537090771484375 0.18569940494791667 0.5049940478515625 0.16456712955729166 0.515014384765625 0.27821693098958333
43 0.6104464287109375 0.4530661373697917 0.6874283232421875 0.47513458984375 0.679157490234375 0.4505198411458333 0.7052423115234375 0.30198280403645833 0.7192388393554687 0.27397288346354165 0.6266698911132812 0.26105952408854166 0.6104464287109375 0.4530661373697917
9 0.09575 0.6573733463541667 0.13583159716796875 0.665861111328125 0.1421937001953125 0.5376951061197917 0.08747941455078125 0.529329365234375 0.09575 0.6573733463541667
9 0.15682663671875 0.66840773828125 0.20199776806640626 0.6785929231770833 0.20390625 0.5521243385416666 0.15269122021484374 0.5420535716145833 0.15682663671875 0.66840773828125
3 0.219811755859375 0.6819880950520832 0.26052926611328125 0.6913247356770834 0.25862053564453125 0.5453339947916667 0.21790302587890625 0.5494761907552083 0.219811755859375 0.6819880950520832
2 0.2611654267578125 0.6913247356770834 0.307609126953125 0.7023587962239582 0.31142633935546876 0.544485119140625 0.26243799609375 0.5378121692708333 0.2611654267578125 0.6913247356770834
1 0.3120625 0.7049054231770833 0.34769047607421877 0.7108468912760416 0.3515076884765625 0.5826805553385417 0.3109491567382813 0.5791660052083333 0.3120625 0.7049054231770833
4 0.3896805556640625 0.7201835319010416 0.40240476171875 0.5589146822916666 0.363436755859375 0.5473554895833334 0.3502353671875 0.7142420638020833 0.3896805556640625 0.7201835319010416
25 0.40749454345703123 0.7142420638020833 0.4755691962890625 0.7295198411458333 0.4959280751953125 0.5920171959635416 0.40940327392578124 0.5758902115885417 0.40749454345703123 0.7142420638020833
24 0.47366071435546875 0.7456468255208333 0.6333501982421875 0.7736567460937499 0.6314414682617188 0.6641636907552083 0.4906793154296875 0.6449080690104166 0.47366071435546875 0.7456468255208333
27 0.10274851171875 0.8729021165364584 0.14728323388671874 0.8839361770833333 0.142829861328125 0.7269113756510417 0.09384151806640625 0.7138310182291666 0.10274851171875 0.8729021165364584
27 0.15809895849609376 0.8830873014322916 0.20327008935546875 0.8975168652343749 0.2026339287109375 0.7727457011718749 0.15348635888671874 0.7615469576822916 0.15809895849609376 0.8830873014322916
26 0.24844122021484374 0.90515575390625 0.24716889892578126 0.8126382272135416 0.2210840771484375 0.8082027115885416 0.21917534716796874 0.8830873014322916 0.24844122021484374 0.90515575390625
18 0.273889880859375 0.91194609765625 0.30951760888671875 0.9238290345052084 0.31587971240234375 0.8321603834635417 0.2751622021484375 0.823047619140625 0.273889880859375 0.91194609765625
17 0.45012078369140623 0.958629298828125 0.45775520849609375 0.861867724609375 0.40176860107421875 0.8737506614583334 0.346736111328125 0.8251683203125001 0.3273315971679687 0.9170386907552084 0.45012078369140623 0.958629298828125
10 0.452029513671875 0.962873015625 0.5919962797851562 0.9908829361979167 0.591360119140625 0.8805410052083333 0.5220128969726563 0.8975168652343749 0.4676165673828125 0.8548584654947917 0.452029513671875 0.962873015625