5 0.132640705078125 0.39206383658854166 0.125531912109375 0.06077032942708333 0.0589524033203125 0.05893835221354166 0.06679758154296875 0.40320383593750003 0.132640705078125 0.39206383658854166
8 0.19385528955078124 0.38961809440104167 0.19169058740234374 0.10417807096354166 0.129729099609375 0.10241181119791666 0.1310957392578125 0.3988105260416666 0.19385528955078124 0.38961809440104167
8 0.18940530419921875 0.39521682486979165 0.253039419921875 0.402315541015625 0.25931361865234376 0.16795544401041665 0.2422911865234375 0.09402027148437499 0.21229863818359376 0.09031603255208333 0.19244414208984376 0.12542208658854168 0.18940530419921875 0.39521682486979165
7 0.305415748046875 0.3871359283854167 0.31066898779296875 0.1704556009114583 0.3000650478515625 0.1368531796875 0.27165628076171877 0.137165982421875 0.25555153369140626 0.18736553580729165 0.2550227197265625 0.39084228841145835 0.305415748046875 0.3871359283854167
7 0.3546386787109375 0.39225989973958336 0.36511006396484375 0.19954128515625 0.3530554541015625 0.13390086393229167 0.327341671875 0.13613572330729165 0.3130054287109375 0.16429569596354168 0.3029771923828125 0.39506370963541665 0.3546386787109375 0.39225989973958336
6 0.46334127197265623 0.38495983854166665 0.48304467578125 0.20387374739583333 0.46536319384765623 0.121343451171875 0.38107548583984374 0.12031735807291666 0.3683779326171875 0.1429658984375 0.354336337890625 0.38606277473958334 0.46334127197265623 0.38495983854166665
6 0.6498526235351563 0.19651540690104166 0.48901458984375 0.19481964973958332 0.46689533203125 0.380586923828125 0.6386236220703125 0.37949175781250005 0.6498526235351563 0.19651540690104166
0 0.10857567529296876 0.525786033203125 0.07328242724609375 0.533835048828125 0.07428126171875 0.6394262786458333 0.11203761865234375 0.6373094186197917 0.10857567529296876 0.525786033203125
42 0.157095546875 0.48306674609375005 0.10544244970703125 0.4885831848958333 0.11467235888671876 0.64884805859375 0.153650376953125 0.63701676953125 0.157095546875 0.48306674609375005
32 0.2492835869140625 0.615939 0.257694056640625 0.4589002356770833 0.1594997177734375 0.4557335240885417 0.15613999951171875 0.6282048834635416 0.2492835869140625 0.615939
31 0.3438585478515625 0.6131822962239584 0.35585201806640626 0.42840671679687503 0.2546591513671875 0.43143093294270835 0.251193275390625 0.6171715885416666 0.3438585478515625 0.6131822962239584
31 0.41408775732421876 0.60612341796875 0.43831733544921875 0.4181195618489583 0.35519395361328127 0.4169366516927084 0.3450759384765625 0.6149689505208333 0.41408775732421876 0.60612341796875
28 0.45325159143518523 0.5563753858024691 0.06856915509259265 0.1310136959876543
29 0.5098849826388889 0.5532021604938272 0.06613498263888884 0.13212287808641973
30 0.5674931278935185 0.5502772955246914 0.06662688078703694 0.1328125
23 0.194584009765625 0.8628038613281249 0.18997294384765626 0.6825854563802083 0.08533073291015625 0.6881739700520834 0.08871314306640625 0.8810900670572916 0.194584009765625 0.8628038613281249
35 0.307499939453125 0.8511442447916666 0.3085079482421875 0.7108135846354168 0.19325534765625 0.7286370813802083 0.197824234375 0.866717833984375 0.307499939453125 0.8511442447916666
36 0.42168745703125 0.831763685546875 0.43269047216796874 0.6984254915364584 0.31566286376953123 0.7126847350260417 0.3079527568359375 0.8461669251302083 0.42168745703125 0.831763685546875
34 0.597467103515625 0.817681794921875 0.6227414384765625 0.6887440872395834 0.4318264897460937 0.701951857421875 0.4210731650390625 0.8309672473958334 0.597467103515625 0.817681794921875
37 0.31488474658203125 0.9090461399739583 0.31224155029296874 0.959121984375 0.4139119765625 0.9605688333333333 0.4184333833007812 0.8881002402343751 0.31488474658203125 0.9090461399739583
38 0.4176460385742187 0.9131626731770833 0.41382632177734374 0.9605676145833333 0.48134915673828127 0.9615285162760417 0.559835671875 0.9553271126302083 0.5662933178710937 0.9001543587239583 0.4176460385742187 0.9131626731770833