5 0.09813087158203125 0.052703685546875 0.1097042197265625 0.44893925130208334 0.18670202734375 0.4566039108072917 0.17506883154296876 0.05887479817708333 0.09813087158203125 0.052703685546875
8 0.1811374501953125 0.121201638671875 0.1867299716796875 0.44958045247395834 0.2523768115234375 0.4631263958333333 0.24387843115234376 0.13160831770833334 0.1811374501953125 0.121201638671875
8 0.254143734375 0.14007960677083334 0.258776267578125 0.46807102604166667 0.32030397412109374 0.47298780598958334 0.3245763134765625 0.15838241145833334 0.254143734375 0.14007960677083334
7 0.378381025390625 0.20634972526041664 0.3269976376953125 0.19731946549479165 0.32029598974609375 0.47499460286458334 0.37578167529296874 0.48003787239583334 0.378381025390625 0.20634972526041664
7 0.4410087265625 0.219457361328125 0.38643626416015625 0.20895882682291667 0.38218113037109375 0.48498283268229164 0.43011123046875 0.49093716666666665 0.4410087265625 0.219457361328125
6 0.44876880029296873 0.20521324934895835 0.43690404541015626 0.491923322265625 0.53277073046875 0.5023272955729167 0.5342516279296875 0.22496285156249998 0.44876880029296873 0.20521324934895835
6 0.5554296245117187 0.3087560279947917 0.540205837890625 0.4963791809895833 0.7066329521484375 0.5190344772135417 0.7235526708984376 0.34731385026041667 0.5554296245117187 0.3087560279947917
0 0.117428845703125 0.6132057688802083 0.12009885302734374 0.7374622936197918 0.15748466455078125 0.7363646289062501 0.1485413515625 0.6115858984375 0.117428845703125 0.6132057688802083
42 0.1595458134765625 0.5643780891927083 0.15902617041015624 0.7285569264322916 0.20735960986328125 0.728044619140625 0.20343990966796874 0.5743801588541667 0.1595458134765625 0.5643780891927083
32 0.2049972109375 0.5318395553385417 0.20996942236328126 0.7364546647135417 0.312678572265625 0.7353032669270833 0.31832491748046876 0.5498989388020833 0.2049972109375 0.5318395553385417
31 0.31780199169921874 0.5151003619791666 0.320273826171875 0.7243591725260417 0.40674811181640624 0.722858484375 0.41089087548828124 0.535729904296875 0.31780199169921874 0.5151003619791666
31 0.41735619677734376 0.52411978125 0.4124047587890625 0.7246833424479168 0.47957089990234375 0.7359402369791667 0.49811794970703127 0.5348404915364583 0.41735619677734376 0.52411978125
28 0.4969719697265625 0.620137904296875 0.4858567856445313 0.7263120208333333 0.5416539975585938 0.7479648326822916 0.5515533642578125 0.6324474680989584 0.4969719697265625 0.620137904296875
29 0.5576373022460938 0.621785625 0.549739580078125 0.7421985546875001 0.5918684111328125 0.749231564453125 0.6070689877929687 0.6299659095052084 0.5576373022460938 0.621785625
30 0.6102831079101563 0.618524962890625 0.59848851171875 0.7511966243489584 0.6554558232421875 0.7634825065104166 0.6653991020507812 0.63692808984375 0.6102831079101563 0.618524962890625
36 0.12180925048828126 0.7937206289062501 0.13500794921875 0.9854832441406249 0.26036564013671876 0.9861139095052084 0.2399791376953125 0.795424263671875 0.12180925048828126 0.7937206289062501
35 0.25296312841796875 0.8455925182291667 0.26412933740234373 0.9891699244791666 0.37255101953125 0.9757971269531249 0.3749806279296875 0.83961908203125 0.25296312841796875 0.8455925182291667
36 0.380015744140625 0.8259378326822917 0.38011633544921875 0.972377861328125 0.488146654296875 0.96246183984375 0.49094791552734374 0.8278433873697916 0.380015744140625 0.8259378326822917
34 0.5046628603515625 0.8229599928385416 0.491536951171875 0.9644596673177084 0.65772264453125 0.952947306640625 0.6744125834960938 0.8389174309895834 0.5046628603515625 0.8229599928385416