5 0.01924098583984375 0.10017744986979167 0.020466322265625 0.41622228125 0.0855439345703125 0.429445884765625 0.0996920625 0.400773126953125 0.1029613857421875 0.14251472265625 0.074981451171875 0.034263817057291666 0.04748802880859375 0.03045057096354167 0.01924098583984375 0.10017744986979167
8 0.17199544189453125 0.09673471614583333 0.11198132958984375 0.08933807161458333 0.0969614306640625 0.16701779752604165 0.0986924208984375 0.4318386438802084 0.16896349365234375 0.4299495325520833 0.17199544189453125 0.09673471614583333
8 0.17094791748046875 0.1672172734375 0.165377033203125 0.43931414713541667 0.237787193359375 0.43843194466145835 0.24866247900390626 0.12402262369791667 0.2207631201171875 0.099028904296875 0.19359478369140626 0.09791025976562501 0.17094791748046875 0.1672172734375
7 0.2429845 0.209543158203125 0.2352567333984375 0.44198054752604166 0.29514777099609374 0.44271519791666664 0.3122688413085937 0.16084987565104167 0.29087723291015627 0.15078069205729167 0.2666512373046875 0.14779487630208335 0.2429845 0.209543158203125
7 0.29497308642578124 0.4463674127604167 0.35446377734375 0.4663351393229167 0.3699452626953125 0.195459732421875 0.35599122119140625 0.15062958333333334 0.32736067919921874 0.1471009140625 0.30851395703125 0.19160477148437502 0.29497308642578124 0.4463674127604167
6 0.37512625244140624 0.18048927408854165 0.3496257202148437 0.4449269596354167 0.45692737646484377 0.45889498828125 0.489340107421875 0.44430805208333335 0.5187395336914062 0.23163720703125001 0.5075207231445312 0.14849379101562502 0.395420861328125 0.13370538411458333 0.37512625244140624 0.18048927408854165
6 0.7012469067382813 0.4793444720052083 0.7328843286132812 0.2989104055989583 0.7204106674804688 0.24980309114583332 0.53399580859375 0.23054443815104167 0.5089750649414062 0.29509892122395837 0.49464542138671874 0.44408251562499995 0.5140735600585937 0.46891157877604167 0.7012469067382813 0.4793444720052083
0 0.07570724658203125 0.6896685709635416 0.06878768701171875 0.5694368391927084 0.034380169921875 0.5748586790364584 0.03473150537109375 0.6938268697916666 0.07570724658203125 0.6896685709635416
42 0.12116500341796875 0.6851543053385417 0.12538077587890625 0.5972237447916667 0.1104880302734375 0.5276980618489583 0.087634162109375 0.5249329518229167 0.0721901298828125 0.6010738639322917 0.07731627783203125 0.6968452324218749 0.12116500341796875 0.6851543053385417
32 0.243604587890625 0.5099652994791667 0.13246586767578125 0.49046792382812504 0.1247483701171875 0.6952584609375 0.2288457802734375 0.694709439453125 0.243604587890625 0.5099652994791667
31 0.3379255771484375 0.7074100813802083 0.354224083984375 0.49179280664062497 0.24632164501953124 0.47833922395833334 0.2310480537109375 0.6949808658854167 0.3379255771484375 0.7074100813802083
31 0.41659644482421876 0.7178494114583334 0.45671457080078126 0.49699389322916665 0.3570714111328125 0.484555921875 0.34001967919921877 0.7024649524739583 0.41659644482421876 0.7178494114583334
28 0.4900413369140625 0.7373071608072918 0.5049605673828125 0.59117725390625 0.43876568701171875 0.576385328125 0.42128107080078125 0.7280892962239583 0.4900413369140625 0.7373071608072918
29 0.5757132548828126 0.5933957115885417 0.5068490732421875 0.5870063079427084 0.49105232470703125 0.7255394407552083 0.55721326953125 0.7455859954427083 0.5757132548828126 0.5933957115885417
30 0.6243220161132812 0.7546003125 0.6537775048828125 0.6076610305989584 0.5778118598632812 0.5964956295572917 0.556319744140625 0.7365566276041666 0.6243220161132812 0.7546003125
23 0.1577077197265625 0.9608971549479167 0.1626733876953125 0.754134462890625 0.0418869228515625 0.7481669635416667 0.04225540087890625 0.9511277929687499 0.1577077197265625 0.9608971549479167
35 0.2956174765625 0.8096529680989583 0.159496095703125 0.7975961380208334 0.160866677734375 0.9694627955729166 0.2860129521484375 0.970021140625 0.2956174765625 0.8096529680989583
36 0.43244080908203125 0.8200148593750001 0.2948777880859375 0.8150249876302084 0.2844243720703125 0.9690820800781249 0.4134067314453125 0.9768029798177084 0.43244080908203125 0.8200148593750001
34 0.6653805258789063 0.845008958984375 0.4311960283203125 0.8199336725260417 0.41517361865234376 0.974047666015625 0.6325479140625 0.9956354798177083 0.6653805258789063 0.845008958984375