37 0.46504925830078125 1 0.4595160478515625 0.9618208854166667 0.36291019482421877 0.9828586751302083 0.36556973193359377 1 0.46504925830078125 1
38 0.6196777568359375 1 0.617038630859375 0.9358947024739583 0.4668412973632812 0.9713658489583333 0.47014597314453127 1 0.6196777568359375 1
34 0.4431295786132812 0.7587962109375 0.4589168505859375 0.9021330338541667 0.6418175092773437 0.8573308990885417 0.640790654296875 0.7356458515625 0.4431295786132812 0.7587962109375
36 0.3250455009765625 0.7916159641927084 0.3425683779296875 0.916185931640625 0.45459976123046875 0.8983930950520834 0.43950580126953126 0.7673241861979166 0.3250455009765625 0.7916159641927084
35 0.20727618994140626 0.82512651953125 0.2375758759765625 0.9515525065104167 0.3419776572265625 0.9251972766927082 0.31803985595703127 0.7979756725260416 0.20727618994140626 0.82512651953125
23 0.09945543896484375 0.8027911855468749 0.1316054033203125 0.9675866783854167 0.2342614609375 0.9488192630208333 0.1979208818359375 0.7813501458333333 0.09945543896484375 0.8027911855468749
42 0.08731622509765626 0.6002970755208333 0.115636181640625 0.736210658203125 0.15378137353515625 0.7238573268229166 0.12234796044921875 0.5924923294270833 0.08731622509765626 0.6002970755208333
32 0.13161789404296875 0.5663127447916666 0.15858814404296875 0.7251620462239584 0.24803210498046874 0.7088637454427084 0.220997884765625 0.5520537962239583 0.13161789404296875 0.5663127447916666
31 0.222164580078125 0.517141763671875 0.2513483471679688 0.707126861328125 0.3370897119140625 0.6846323014322917 0.30988785205078123 0.5007970709635416 0.222164580078125 0.517141763671875
31 0.31639464892578123 0.49733046875 0.3425263618164063 0.688888419921875 0.4106232807617187 0.6759641731770833 0.3979385869140625 0.4797940826822917 0.31639464892578123 0.49733046875
28 0.40574530859375 0.5711129088541667 0.41933387744140627 0.6806079472656249 0.4718866513671875 0.6681939895833334 0.4592277958984375 0.5595322291666667 0.40574530859375 0.5711129088541667
29 0.463223263671875 0.556457017578125 0.4746701357421875 0.6693703619791668 0.5273519267578125 0.655052580078125 0.5188626176757812 0.5475678958333333 0.463223263671875 0.556457017578125
30 0.5242323471679687 0.5404986647135417 0.5331750009765625 0.6641839407552084 0.5986442587890625 0.646763373046875 0.5831539809570313 0.5378745188802083 0.5242323471679687 0.5404986647135417
6 0.4191428720703125 0.239041466796875 0.43168121875 0.425249869140625 0.5969914853515625 0.39800704101562495 0.5788372651367187 0.206055609375 0.4191428720703125 0.239041466796875
6 0.2637768505859375 0.19017657942708333 0.30224043603515627 0.460445005859375 0.41966587939453126 0.42247817252604164 0.3940333125 0.17536326562500001 0.2637768505859375 0.19017657942708333
7 0.2157624443359375 0.22510211523437498 0.2518922734375 0.4693046184895833 0.3006520322265625 0.45894353059895837 0.265580720703125 0.21056937109374999 0.2157624443359375 0.22510211523437498
7 0.1638308203125 0.23317661458333336 0.202196943359375 0.4770006979166667 0.24988758203125 0.467996578125 0.21153903857421874 0.22911613216145832 0.1638308203125 0.23317661458333336
8 0.0870949560546875 0.211229517578125 0.140703314453125 0.4910255123697917 0.19993479833984376 0.4772473580729167 0.1472509169921875 0.20109429427083333 0.0870949560546875 0.211229517578125
8 0.02430880615234375 0.22154286197916664 0.08077374658203125 0.494396439453125 0.13992616455078125 0.48900564908854166 0.080159373046875 0.21190619921875 0.02430880615234375 0.22154286197916664
5 0 0.4203649856770833 0.02109008984375 0.5160121171875 0.08037906640625 0.4999952018229166 0.01154482958984375 0.18339970442708334 0 0.18569988411458335 0 0.4203649856770833
0 0.0608612138671875 0.6498803704427083 0.080087435546875 0.7519467076822917 0.11193810986328125 0.7409157532552083 0.08260761669921875 0.6456589016927083 0.0608612138671875 0.6498803704427083