21 0.15856119791666665 0.2912977430555555 0.20857566550925927 0.36478587962962966
20 0.2945692274305555 0.3331814236111111 0.18445457175925928 0.34649884259259256
19 0.4044578269675926 0.3761646412037037 0.15121166087962967 0.29800347222222223
41 0.5151059751157407 0.3995876736111111 0.14933810763888888 0.30510706018518513
22 0.6185944733796296 0.4160590277777778 0.14779369212962967 0.29790219907407406
43 0.6965060763888888 0.48245804398148145 0.09105902777777786 0.19989872685185187
9 0.1130859375 0.6384620949074074 0.11894169560185183 0.20528067129629632
9 0.19530888310185185 0.6532841435185185 0.1032515914351852 0.19895833333333343
3 0.2642361111111111 0.6584056712962963 0.08916377314814816 0.20504918981481465
2 0.31635380497685184 0.6672815393518517 0.08715277777777786 0.1997829861111112
1 0.36205692997685185 0.6923032407407407 0.07266710069444449 0.1700665509259259
4 0.4122486255787037 0.6816984953703704 0.07745225694444446 0.2053530092592594
25 0.46561776620370365 0.715285011574074 0.09004267939814814 0.1523582175925927
24 0.5673990885416667 0.7539496527777777 0.1337275752314815 0.13022280092592572
27 0.09807942708333334 0.8264684606481483 0.08119936342592593 0.10328414351851833
27 0.1669361255787037 0.8472222222222223 0.07829137731481484 0.10515046296296286
26 0.22244827835648148 0.8758608217592593 0.055045572916666674 0.07777777777777779
18 0.287720630787037 0.8817418981481482 0.06024667245370363 0.10656828703703702
17 0.37864402488425924 0.9103081597222222 0.12442129629629628 0.12734374999999995
10 0.4934950086805555 0.9163483796296297 0.12005570023148149 0.1298177083333334