5 0.04252248193359375 0.22047340104166668 0.10248848193359375 0.45579965299479164 0.137858765625 0.44735468098958336 0.08242402099609375 0.20097262955729167 0.04252248193359375 0.22047340104166668
8 0.12864139404296876 0.21445718294270832 0.0935181015625 0.22811801497395834 0.1459795 0.45118502539062505 0.179680166015625 0.438811841796875 0.12864139404296876 0.21445718294270832
8 0.1744309794921875 0.217947783203125 0.13382966455078124 0.21849326822916668 0.18468020703125 0.44338727994791666 0.2208891220703125 0.440511318359375 0.1744309794921875 0.217947783203125
7 0.21730935888671876 0.22357585546875 0.1796491259765625 0.23112517838541666 0.2229698271484375 0.4400145319010416 0.26208157275390626 0.4277914622395833 0.21730935888671876 0.22357585546875
7 0.269114580078125 0.20976449934895833 0.22202153125 0.22266238281249998 0.26333153466796877 0.42893541796874995 0.31597543505859377 0.4206933990885417 0.269114580078125 0.20976449934895833
0 0.17633082568359376 0.6025937194010417 0.1597262978515625 0.5961023548177083 0.1711875146484375 0.65430285546875 0.1888807880859375 0.657290064453125 0.17633082568359376 0.6025937194010417
42 0.21021634228515626 0.569983884765625 0.18103684716796875 0.5765994329427083 0.2017837509765625 0.6570941569010417 0.22904113916015625 0.6520282682291666 0.21021634228515626 0.569983884765625
32 0.2603103149414063 0.5161960709635417 0.197874458984375 0.5095148515625 0.23175103662109375 0.6557084414062501 0.28524213818359373 0.6602446881510416 0.2603103149414063 0.5161960709635417
31 0.33102551513671874 0.47767727148437505 0.26728905810546877 0.4695175944010417 0.29793536962890627 0.6586564602864583 0.3624587021484375 0.6648858483072917 0.33102551513671874 0.47767727148437505
31 0.4161365771484375 0.4703371223958333 0.3487104135742187 0.4734548430989583 0.3774504516601562 0.6714025234375001 0.4378126176757812 0.678625427734375 0.4161365771484375 0.4703371223958333
28 0.4886873784179688 0.5799393118489583 0.4320836669921875 0.5833575279947917 0.44719163916015625 0.6908090390625 0.5042150561523437 0.6901754042968751 0.4886873784179688 0.5799393118489583
29 0.5625732758789063 0.5839333040364584 0.4947743671875 0.584576513671875 0.5127552026367187 0.6967900625 0.57248817578125 0.6998360071614583 0.5625732758789063 0.5839333040364584
30 0.6445717758789062 0.584547943359375 0.5673620400390625 0.5924712688802084 0.583117451171875 0.7131638424479166 0.6571965737304688 0.7041308196614584 0.6445717758789062 0.584547943359375
23 0.20535974365234375 0.7166056321614583 0.2238315888671875 0.8535425944010416 0.289000814453125 0.8783678912760416 0.26619103369140623 0.769870466796875 0.27509280029296873 0.7288024518229167 0.20535974365234375 0.7166056321614583
35 0.35715776171875 0.7870939837239583 0.26969271533203126 0.7716529264322917 0.30003275390625 0.8800607643229167 0.37830629833984375 0.8988728359375 0.35715776171875 0.7870939837239583
36 0.4720596337890625 0.8058144088541667 0.3673592495117188 0.7904278671874999 0.3922661923828125 0.9128475130208332 0.4882245859375 0.9274368307291666 0.4720596337890625 0.8058144088541667
34 0.5888171665039063 0.9696801861979166 0.7259515063476563 0.9369381328125 0.7241618676757813 0.8696622942708333 0.48487381787109374 0.813972109375 0.5084345317382812 0.9471312265625 0.5888171665039063 0.9696801861979166
39 0.3171693251953125 0.9865321048177084 0.31324511474609373 0.9677723522135416 0.24646862890625 0.9483724361979166 0.2590984497070313 0.9893998020833333 0.3171693251953125 0.9865321048177084
6 0.27074020751953126 0.179176517578125 0.31989238623046873 0.42279383593750003 0.39777084619140624 0.41189287890625 0.34362032080078125 0.14145194010416667 0.27774946240234377 0.1366637109375 0.27074020751953126 0.179176517578125
6 0.6154411293945312 0.17143615755208333 0.40005027880859373 0.2107740748697917 0.42756625634765627 0.41888364973958336 0.6343749609375 0.38617475585937505 0.6154411293945312 0.17143615755208333