21 0.095703125 0.3294270833333333 0.14453125 0.3203125
20 0.22900390625 0.3333333333333333 0.10546875 0.3020833333333333
19 0.3408203125 0.3548177083333333 0.10302734375 0.2819010416666667
41 0.45751953125 0.345703125 0.1064453125 0.287109375
22 0.5888671875 0.341796875 0.1181640625 0.2858072916666667
43 0.68603515625 0.4016927083333333 0.0673828125 0.18684895833333334
9 0.10888671875 0.6744791666666666 0.078125 0.173828125
9 0.1884765625 0.6822916666666666 0.0615234375 0.17578125
3 0.25732421875 0.673828125 0.0478515625 0.18815104166666666
2 0.3095703125 0.673828125 0.04931640625 0.19466145833333334
1 0.3583984375 0.6875 0.04150390625 0.169921875
4 0.40869140625 0.6725260416666666 0.03759765625 0.19661458333333334
25 0.47509765625 0.6946614583333334 0.078125 0.13671875
24 0.58984375 0.7239583333333334 0.1328125 0.095703125
27 0.13818359375 0.8919270833333334 0.06005859375 0.14453125
27 0.2021484375 0.9036458333333334 0.0546875 0.126953125
26 0.26171875 0.916015625 0.03662109375 0.09440104166666667
18 0.326171875 0.919921875 0.03955078125 0.09244791666666667
17 0.427734375 0.9173177083333334 0.10791015625 0.09765625
10 0.55322265625 0.9153645833333334 0.1181640625 0.09635416666666667