5 0.178523646484375 0.5312757571614584 0.10155412353515625 0.15244544466145835 0.027275955078125 0.18454173958333334 0.1039410537109375 0.5619574713541667 0.178523646484375 0.5312757571614584
8 0.2421358974609375 0.5050914479166667 0.17912055859375 0.18873324739583333 0.1176581953125 0.20971028320312501 0.1773866533203125 0.52447057421875 0.2421358974609375 0.5050914479166667
8 0.3084459008789063 0.4810214049479167 0.26039206591796876 0.17469893424479166 0.19029803955078126 0.19184604231770833 0.2490482744140625 0.5067066764322917 0.3084459008789063 0.4810214049479167
7 0.3087707705078125 0.48296583463541665 0.36243649755859375 0.46039203906250004 0.31956863623046877 0.19446232421874998 0.2691483369140625 0.211151357421875 0.3087707705078125 0.48296583463541665
7 0.36934892822265625 0.46200758789062496 0.4159716123046875 0.4440527194010417 0.3813706181640625 0.17615303190104167 0.32767061669921876 0.19300004101562498 0.36934892822265625 0.46200758789062496
6 0.5156049624023438 0.40427776692708334 0.47106311181640625 0.13534657617187498 0.38639943310546876 0.15854049934895834 0.42260270849609377 0.4416456809895833 0.5156049624023438 0.40427776692708334
6 0.6839142319335938 0.33441807291666664 0.6715746708984375 0.16000151106770832 0.5051098383789062 0.20589331054687499 0.5216987885742187 0.39484784895833336 0.6839142319335938 0.33441807291666664
0 0.1970534716796875 0.8162460820312499 0.167865677734375 0.7000153600260416 0.13851055712890625 0.7169739726562501 0.16163876416015624 0.8358033359375 0.1970534716796875 0.8162460820312499
42 0.243163044921875 0.7835264140625 0.2139728447265625 0.6368792018229167 0.17052240380859374 0.6489233665364583 0.19722767431640625 0.8079337682291667 0.243163044921875 0.7835264140625
32 0.3446441025390625 0.738440796875 0.319303677734375 0.55637 0.20840777490234375 0.59497396875 0.24704127392578126 0.7903673867187501 0.3446441025390625 0.738440796875
31 0.43214979248046875 0.6798682962239583 0.40509208447265627 0.4968740944010417 0.31304058544921876 0.5229800970052083 0.3500627109375 0.7241007682291666 0.43214979248046875 0.6798682962239583
31 0.5036546459960938 0.6564901660156249 0.48799719873046876 0.45286027083333336 0.40932449462890624 0.48244905924479164 0.43783804833984374 0.6788343398437501 0.5036546459960938 0.6564901660156249
28 0.5647586577148438 0.6374030540364584 0.5550461108398438 0.5208056145833333 0.5010375654296875 0.535905861328125 0.5080445571289063 0.644070314453125 0.5647586577148438 0.6374030540364584
29 0.6127797192382812 0.6137853756510416 0.6074936796875 0.4909408483072917 0.5590724946289063 0.5074862037760417 0.571501953125 0.6278271555989583 0.6127797192382812 0.6137853756510416
30 0.675684896484375 0.5961068092447916 0.6641856157226562 0.4688153274739583 0.6086585161132813 0.47828786393229167 0.6194085458984375 0.6124103385416667 0.675684896484375 0.5961068092447916
36 0.17258780615234376 0.8893563509114584 0.19627468310546875 0.9849308346354166 0.3269541240234375 0.974605544921875 0.2853844375 0.8325415625 0.17258780615234376 0.8893563509114584
35 0.33177323876953124 0.974224775390625 0.3997885737304688 0.9688507246093749 0.44149451318359373 0.941366537109375 0.42124678076171873 0.8084866868489583 0.3060585654296875 0.8746283743489583 0.33177323876953124 0.974224775390625
36 0.5493485463867187 0.8712833671875 0.5297130634765626 0.7397277024739584 0.4237743037109375 0.7927665338541666 0.44813127880859377 0.9343174804687501 0.5493485463867187 0.8712833671875
34 0.7092324819335938 0.7781890169270834 0.7062319536132813 0.6596704127604166 0.5419625751953125 0.7282204999999999 0.5529075732421875 0.8715378938802084 0.7092324819335938 0.7781890169270834