21 0.13436053240740742 0.37919560185185186 0.12533637152777777 0.265456211419753
20 0.23760669849537036 0.3734447337962963 0.10614149305555554 0.2606095679012346
19 0.3321994357638889 0.377905574845679 0.10486834490740737 0.24040316358024696
41 0.4321108217592593 0.3618827160493827 0.1079427083333333 0.25679976851851843
22 0.5380714699074074 0.3504533179012346 0.11399739583333335 0.2746431327160493
43 0.6291178385416667 0.37694106867283944 0.07154224537037024 0.18547453703703706
9 0.17550817418981482 0.6573230131172839 0.07939453125000001 0.16182002314814822
9 0.23815104166666667 0.6516203703703703 0.06562138310185184 0.15854070216049365
3 0.29067925347222223 0.6500048225308642 0.05161313657407407 0.16174768518518512
2 0.33259910300925927 0.6397810570987654 0.05212673611111107 0.16242283950617273
1 0.3735026041666667 0.6537422839506174 0.04545717592592591 0.1413001543209876
4 0.4139865451388889 0.6380449459876544 0.058072916666666696 0.1900077160493828
25 0.4760380497685185 0.6548755787037037 0.07928240740740744 0.1338734567901234
24 0.5211719189453125 0.623561572265625 0.519256576171875 0.7224639889322916 0.6509116850585938 0.7110552233072917 0.637813673828125 0.6184666569010416 0.5211719189453125 0.623561572265625
27 0.1763684951171875 0.7750597897135417 0.2039413095703125 0.89920584765625 0.24986815673828125 0.8987398528645834 0.222519673828125 0.7750513528645833 0.1763684951171875 0.7750597897135417
27 0.27358217592592593 0.8393614969135802 0.05927010995370374 0.12053915895061706
26 0.31979347511574074 0.8514298804012345 0.038986545138888884 0.08769772376543195
18 0.37409035011574077 0.8575544945987654 0.048263888888888884 0.08815586419753085
17 0.4646827980324074 0.8472101658950617 0.10371093750000004 0.11038773148148155
10 0.51958052734375 0.8027399173177083 0.5205903959960938 0.887624298828125 0.638908904296875 0.8904702532552083 0.6211520190429688 0.8052468138020834 0.51958052734375 0.8027399173177083
12 0.25908564814814816 0.9760802469135802 0.0478877314814814 0.02835648148148155
14 0.29977213541666664 0.9655912422839507 0.03780381944444444 0.044753086419753174
15 0.3440212673611111 0.9712336033950617 0.039149305555555514 0.029224537037036907
11 0.3863118489583333 0.9642529899691358 0.046365017361111094 0.03932773919753085
13 0.4277560763888889 0.9543788580246915 0.04257812499999991 0.05473572530864187
16 0.46848234953703705 0.9637827932098766 0.03925057870370363 0.031828703703703574