21 0.09228515625 0.24479166666666666 0.10498046875 0.296875
20 0.1814608134765625 0.29455291015625 0.1490391865234375 0.393391865234375 0.25821354150390624 0.4119242727864583 0.2575518354492187 0.34044246028645836 0.27409325390625 0.20983399479166667 0.2390252978515625 0.12334986783854167 0.1662425595703125 0.11490873046875 0.1662425595703125 0.2318961640625 0.1814608134765625 0.29455291015625
19 0.27409325390625 0.20189153450520833 0.2694618056640625 0.3227926588541667 0.2575518354492187 0.4101593912760417 0.3568010913085938 0.418984126953125 0.348861111328125 0.34926752669270833 0.37665079345703123 0.15688458984375 0.25473983154296875 0.14358068815104166 0.27409325390625 0.20189153450520833
41 0.3574627978515625 0.41368915364583336 0.4699451884765625 0.43310383593749996 0.4547269345703125 0.40221693098958333 0.47523834326171877 0.21248148177083334 0.49575 0.17718187825520834 0.381282490234375 0.14358068815104166 0.3574627978515625 0.41368915364583336
22 0.6241123510742187 0.16217956380208334 0.4811934521484375 0.146294642578125 0.48582514892578127 0.26101851822916666 0.4679603173828125 0.43045634895833335 0.5936758432617187 0.4498713626302084 0.5751493056640625 0.40486441796875 0.5751493056640625 0.295435515625 0.59896924609375 0.259253306640625 0.6234506450195313 0.18424173307291666 0.6241123510742187 0.16217956380208334
43 0.64208984375 0.34375 0.08642578125 0.21158854166666666
9 0.09033203125 0.5774739583333334 0.07275390625 0.197265625
9 0.1611328125 0.5859375 0.06396484375 0.18489583333333334
3 0.2177734375 0.5924479166666666 0.0458984375 0.19401041666666666
2 0.2666015625 0.59375 0.0517578125 0.21223958333333334
1 0.31396484375 0.615234375 0.04345703125 0.17317708333333334
4 0.36279296875 0.5963541666666666 0.048828125 0.21744791666666666
25 0.42626953125 0.6399739583333334 0.07666015625 0.16276041666666666
27 0.1015625 0.796875 0.0634765625 0.18424479166666666
27 0.1640625 0.8216145833333334 0.05712890625 0.15299479166666666
26 0.2177734375 0.849609375 0.0341796875 0.09765625
18 0.28125 0.8463541666666666 0.04541015625 0.13020833333333334
17 0.43884697412109375 0.9403640872395833 0.44480208349609374 0.8362304895833333 0.3859141865234375 0.855645171875 0.33413913671875 0.8140644843749999 0.30717633935546873 0.9218320104166667 0.43884697412109375 0.9403640872395833
10 0.5784578374023438 0.9597791002604167 0.5652244545898437 0.8459378307291666 0.5030282739257812 0.86447023828125 0.4507569443359375 0.8361197089843749 0.4362003969726562 0.94301157421875 0.5784578374023438 0.9597791002604167
14 0.1748046875 0.986328125 0.046875 0.02734375
13 0.325927734375 0.9889322916666666 0.04931640625 0.022135416666666668
24 0.4612177578125 0.73092691796875 0.6201753471679687 0.7483650794270833 0.6132941469726563 0.6344540345052083 0.47498040673828124 0.6244632936197917 0.4612177578125 0.73092691796875