21 0.16113703076171876 0.4893435390625 0.130073078125 0.18094171940104167 0.00346517431640625 0.207910455078125 0.004175447265625 0.250526849609375 0.0423117578125 0.5040352571614584 0.16113703076171876 0.4893435390625
20 0.14006381884765626 0.18640481575520831 0.167160171875 0.481221078125 0.2897727158203125 0.465014474609375 0.2620063901367187 0.18124915169270836 0.14006381884765626 0.18640481575520831
19 0.251594943359375 0.19487055403645834 0.2906766923828125 0.4658526223958333 0.39232409912109373 0.4554548170572917 0.37437098974609373 0.17369328255208336 0.251594943359375 0.19487055403645834
41 0.36120466845703125 0.16480117643229167 0.3921384243164063 0.4537702239583334 0.5032485141601563 0.43406682486979165 0.495191173828125 0.1549811796875 0.36120466845703125 0.16480117643229167
22 0.4831931005859375 0.14393512369791667 0.5063400439453125 0.43270406966145836 0.6296951396484375 0.41585521028645833 0.6277390234375 0.129576232421875 0.4831931005859375 0.14393512369791667
43 0.6197200063476562 0.20060502213541667 0.6338810405273437 0.413909009765625 0.7110647426757812 0.404351583984375 0.7065654833984375 0.19866861002604166 0.6197200063476562 0.20060502213541667
24 0.5438469145507813 0.639251326171875 0.5511783979492187 0.7481406048177083 0.7006717583007812 0.714561361328125 0.675844498046875 0.6047321360677084 0.5438469145507813 0.639251326171875
25 0.44871077197265624 0.59345651953125 0.46654533154296873 0.7398847630208333 0.5404335600585938 0.7321943151041667 0.5409760551757813 0.5761305703125 0.44871077197265624 0.59345651953125
4 0.387861302734375 0.534568763671875 0.40966598486328126 0.7551555605468749 0.4520028779296875 0.7545643359374999 0.440372458984375 0.530768240234375 0.387861302734375 0.534568763671875
1 0.38696318115234374 0.578276716796875 0.3432833115234375 0.58876233203125 0.36082885107421875 0.768202359375 0.4034377993164063 0.7592717102864582 0.38696318115234374 0.578276716796875
2 0.33510553076171873 0.5519618997395833 0.2815369970703125 0.559784490234375 0.3018852431640625 0.774826587890625 0.3609698852539063 0.7716243645833334 0.33510553076171873 0.5519618997395833
9 0.2235737177734375 0.5917698782552083 0.1544508212890625 0.6055569147135417 0.1800860732421875 0.7920284752604166 0.2500624975585938 0.7785198092447917 0.2235737177734375 0.5917698782552083
27 0.20065875390625 0.9945483828125 0.17570871923828124 0.857760748046875 0.11904556201171874 0.8659560651041667 0.144885265625 0.9962009303385417 0.20065875390625 0.9945483828125
27 0.270329041015625 0.9924840774739584 0.25316672412109376 0.8850599687499999 0.19485031591796875 0.8911139746093749 0.213303279296875 0.9941737298177084 0.270329041015625 0.9924840774739584
26 0.325126943359375 0.9908604361979166 0.310099244140625 0.9044068977864583 0.27785239697265623 0.9035663580729166 0.2846938251953125 0.9920584544270833 0.325126943359375 0.9908604361979166
18 0.39552027392578126 0.9887747076822917 0.385307888671875 0.8956142506510417 0.34168862060546873 0.9020849895833334 0.3508905654296875 0.9900970696614584 0.39552027392578126 0.9887747076822917
17 0.5277952431640625 0.8711506575520834 0.41501887744140625 0.8799132207031249 0.41582834326171875 0.9881729876302083 0.45120852294921876 0.9871246855468749 0.544119423828125 0.974895650390625 0.5277952431640625 0.8711506575520834
10 0.540840244140625 0.8618340358072917 0.5541585112304688 0.97029508203125 0.6887757573242187 0.946164310546875 0.6561914086914062 0.8342285520833334 0.540840244140625 0.8618340358072917
9 0.0769325263671875 0.6157073320312499 0.1064883798828125 0.8077056263020833 0.175004630859375 0.7907196048177084 0.1376290791015625 0.6122048079427084 0.0769325263671875 0.6157073320312499
3 0.2826881943359375 0.5706182708333333 0.2297475419921875 0.5772665501302083 0.25604164208984376 0.7817014583333334 0.3033800986328125 0.7776059850260416 0.2826881943359375 0.5706182708333333