21 0.06111162890625 0.15445006640625 0.06135954052734375 0.3967460319010417 0.13035861962890624 0.4039431217447917 0.147989169921875 0.15822420638020832 0.06111162890625 0.15445006640625
20 0.1533111494140625 0.16219907421875 0.1374256669921875 0.4018101848958333 0.21468556005859374 0.42770965625 0.21411480908203126 0.17049041015625 0.1533111494140625 0.16219907421875
19 0.220602474609375 0.185537037109375 0.22711745458984375 0.4209864420572917 0.29674789990234374 0.4388134921875 0.30306622021484375 0.18858630924479167 0.220602474609375 0.185537037109375
41 0.3104730541992187 0.17736871679687502 0.305349162109375 0.4323498678385416 0.38876001416015626 0.45088822721354166 0.4084850029296875 0.193545634765625 0.3104730541992187 0.17736871679687502
22 0.42066733935546874 0.175035052734375 0.40012398583984377 0.4502820768229167 0.5097550595703125 0.47003273828125 0.5297810849609375 0.19331349218750002 0.42066733935546874 0.175035052734375
43 0.5266458002929687 0.26703769856770837 0.5164542270507813 0.4701967591145833 0.5896074018554688 0.4840628307291666 0.5955141313476563 0.2801560846354167 0.5266458002929687 0.26703769856770837
9 0.06390718701171876 0.4994328704427083 0.0892031083984375 0.644798611328125 0.11694735986328125 0.64588359765625 0.1089357529296875 0.5024550266927084 0.06390718701171876 0.4994328704427083
9 0.12273833251953126 0.5052675266927084 0.13573260009765625 0.6545896165364583 0.16210093701171874 0.6630132272135417 0.15906049365234376 0.5182582669270833 0.12273833251953126 0.5052675266927084
3 0.16960879052734376 0.493598544921875 0.1837365244140625 0.6693353177083333 0.2099729609375 0.68005191796875 0.19888139306640626 0.4984804895833333 0.16960879052734376 0.493598544921875
2 0.20595773779296875 0.5076011907552084 0.2180993828125 0.6858088626302083 0.25020947412109373 0.6960238092447916 0.245223578125 0.5118859127604166 0.20595773779296875 0.5076011907552084
1 0.2517585756835938 0.5426084654947917 0.258366798828125 0.6978789680989584 0.289956001953125 0.7023184524739583 0.284132677734375 0.5436157408854166 0.2517585756835938 0.5426084654947917
4 0.2892160546875 0.5111021822916667 0.2988402944335937 0.71265674609375 0.33494200830078125 0.7191382272135417 0.32009684716796877 0.5074143515625 0.2892160546875 0.5111021822916667
25 0.3386536875 0.5764484127604167 0.35005020361328126 0.7188647486979166 0.4081578208007812 0.7365277779947917 0.41538926904296875 0.5974890872395834 0.3386536875 0.5764484127604167
24 0.4322000771484375 0.6522969576822917 0.408341859375 0.745129298828125 0.5546379296875 0.790611111328125 0.56596086328125 0.6781190475260416 0.4322000771484375 0.6522969576822917
27 0.0868366787109375 0.6884708997395833 0.10365596875 0.8445525794270834 0.1418238427734375 0.8549682539062501 0.12732041455078125 0.704880291015625 0.0868366787109375 0.6884708997395833
27 0.17482633935546876 0.7564791666666667 0.13835550048828124 0.7374804895833332 0.1488909169921875 0.8562215605468749 0.184224845703125 0.8723852513020834 0.17482633935546876 0.7564791666666667
26 0.196194802734375 0.7923247356770834 0.201762875 0.8737344576822917 0.22486704150390624 0.8856541002604167 0.21691651806640624 0.7980089283854167 0.196194802734375 0.7923247356770834
18 0.2386697529296875 0.8063277115885418 0.2469703095703125 0.8950393515625 0.27609594384765623 0.9082354498697917 0.27287777783203127 0.8177916666666666 0.2386697529296875 0.8063277115885418
17 0.32091684326171876 0.8319993385416667 0.29353045068359374 0.9082126321614584 0.40010732470703125 0.9555039680989584 0.41449141845703125 0.8734107141927083 0.32091684326171876 0.8319993385416667
10 0.5431385537109376 1 0.5447383759765625 0.9109384921875 0.429588458984375 0.8795734127604167 0.4076387177734375 0.9659695768229167 0.4883864008789062 1 0.5431385537109376 1
12 0.1629366298828125 1 0.17063979296875 0.9569169973958332 0.136051703125 0.9416924602864584 0.11883573095703125 1 0.1629366298828125 1
14 0.2064735556640625 1 0.20745357666015626 0.9535849869791666 0.1667109345703125 0.958024470703125 0.16813534765625 1 0.2064735556640625 1
15 0.2438615830078125 1 0.2446122353515625 0.9861349205729167 0.21383440283203126 0.9801957669270833 0.21293664990234376 1 0.2438615830078125 1