5 0.10546875 0.2526041666666667 0.0537109375 0.296875
8 0.15869140625 0.2682291666666667 0.046875 0.265625
8 0.20654296875 0.2688802083333333 0.04248046875 0.2708333333333333
7 0.25244140625 0.2779947916666667 0.04296875 0.2682291666666667
7 0.3017578125 0.2819010416666667 0.0458984375 0.2734375
6 0.5556640625 0.33203125 0.1875 0.232421875
6 0.3896484375 0.27734375 0.11474609375 0.2805989583333333
0 0.12939453125 0.5735677083333334 0.03076171875 0.09765625
42 0.16162109375 0.552734375 0.03173828125 0.13216145833333334
32 0.21435546875 0.552734375 0.07373046875 0.17252604166666666
31 0.29345703125 0.556640625 0.07666015625 0.20638020833333334
31 0.37158203125 0.5696614583333334 0.0625 0.21484375
28 0.4375 0.640625 0.05224609375 0.126953125
29 0.50439453125 0.6529947916666666 0.0556640625 0.12825520833333334
30 0.57177734375 0.6712239583333334 0.05859375 0.1328125
23 0.16845703125 0.7584635416666666 0.068359375 0.181640625
35 0.25244140625 0.7994791666666666 0.08642578125 0.169921875
36 0.35546875 0.8216145833333334 0.10888671875 0.177734375
34 0.618533384765625 1 0.6544749501953125 0.8461858463541666 0.43847420654296876 0.7721140872395833 0.4169784228515625 0.9397314817708334 0.5550246640625 1 0.618533384765625 1
39 0.21582254833984374 1 0.21369221240234376 0.9385727513020834 0.1426934521484375 0.8970066139322918 0.14482715869140625 1 0.21582254833984374 1
40 0.3078255830078125 1 0.3080548115234375 0.9826650130208333 0.225295634765625 0.9352281744791666 0.224137091796875 1 0.3078255830078125 1