21 0.0667425595703125 0.397773478515625 0.17553174609375 0.40361078059895833 0.2011659228515625 0.11925396809895833 0.0640855654296875 0.10337037044270835 0.0667425595703125 0.397773478515625
19 0.309954861328125 0.22265641536458333 0.30120163671875 0.3327301588541667 0.28932242041015627 0.42695965625 0.394360119140625 0.44363756640625 0.388733134765625 0.37192294986979163 0.391859126953125 0.289367724609375 0.42186979150390624 0.16178240755208334 0.2830701884765625 0.154277447265625 0.309954861328125 0.22265641536458333
20 0.29244841259765625 0.35274338606770833 0.306203373046875 0.21348379622395833 0.2811944443359375 0.13676554231770835 0.1986649306640625 0.12342328059895834 0.1936631943359375 0.23516468229166665 0.21241989111328125 0.310214947265625 0.18741096240234376 0.365251984375 0.172718005859375 0.41077215624999996 0.2874466767578125 0.4261259921875 0.29244841259765625 0.35274338606770833
41 0.4056140874023437 0.23850033072916665 0.4056140874023437 0.30771329361979166 0.39373487109375 0.4386342591145833 0.5100265375976563 0.45447817447916666 0.49377058544921876 0.3927705026041666 0.521280505859375 0.20764649479166666 0.5408187001953125 0.17943915364583332 0.4181185517578125 0.15344345247395832 0.4056140874023437 0.23850033072916665
22 0.52190575390625 0.15344345247395832 0.5206552578125 0.17012136263020836 0.5425381943359375 0.180961970703125 0.524406498046875 0.20764649479166666 0.5100265375976563 0.42279034375 0.5081507934570313 0.4494748678385417 0.6381974204101563 0.4686544309895833 0.6200659721679688 0.42028869075520836 0.6231919643554688 0.30771329361979166 0.6775865576171874 0.16693485481770834 0.52190575390625 0.15344345247395832
43 0.742453373046875 0.261816798828125 0.6467941469726562 0.25181018489583334 0.6349149306640625 0.4627847220052083 0.7065029760742187 0.4701683203125 0.7068157241210937 0.4352662037760417 0.742453373046875 0.261816798828125
24 0.571767361328125 0.6594857805989583 0.5129962797851563 0.6453095240885417 0.4961153271484375 0.7578849205729167 0.6635188491210937 0.7734021165364583 0.654296875 0.653648478515625 0.571767361328125 0.6594857805989583
25 0.42483978173828124 0.7245294309895832 0.4542251982421875 0.7420410052083333 0.4967405751953125 0.7362037037760416 0.521280505859375 0.593129298828125 0.42609002978515625 0.5769305553385417 0.42483978173828124 0.7245294309895832
4 0.3716956845703125 0.57442890234375 0.36356770849609377 0.7270310846354167 0.4129605654296875 0.7412070104166667 0.42358928564453124 0.5994457669270833 0.4142108134765625 0.5118869049479167 0.392328125 0.5108078704427084 0.3716956845703125 0.57442890234375
1 0.3235533232421875 0.5819338626302083 0.31917683544921877 0.7245294309895832 0.36356770849609377 0.734536044921875 0.3679441962890625 0.592774470703125 0.35606497998046877 0.5477443782552084 0.33762103173828123 0.5472794309895833 0.3235533232421875 0.5819338626302083
2 0.26853372998046876 0.5560833333333334 0.27040947412109373 0.7161904759114583 0.31917683544921877 0.717858134765625 0.3273048115234375 0.5585849869791667 0.31104885888671874 0.5076818782552083 0.2872904267578125 0.501880291015625 0.26853372998046876 0.5560833333333334
3 0.22476810498046876 0.5535816796875 0.22664360107421874 0.7020142194010416 0.2454002978515625 0.7170244707031249 0.26978422607421876 0.7070175266927082 0.26978422607421876 0.5452427246093751 0.2586865078125 0.5076818782552083 0.2410238095703125 0.5077175924479167 0.22476810498046876 0.5535816796875
9 0.1527110615234375 0.5227275130208333 0.16271453369140626 0.7020142194010416 0.218984623046875 0.703682208984375 0.217109126953125 0.5293988092447917 0.1527110615234375 0.5227275130208333
9 0.09456522802734375 0.691173611328125 0.14145684521484375 0.6961769179687499 0.1552118056640625 0.6744957011718751 0.14458308544921875 0.5118869049479167 0.08018502001953125 0.5127208997395833 0.07518328369140626 0.5727612434895833 0.09456522802734375 0.691173611328125
10 0.5390994545898438 0.897047619140625 0.479703125 0.8611901451822916 0.47157514892578123 0.9720978834635416 0.6220979663085937 0.9922304895833333 0.6053730161132812 0.8736987434895833 0.5390994545898438 0.897047619140625
17 0.33590153759765623 0.9437453704427083 0.40217534716796877 0.9604232805989583 0.47220039697265626 0.9729315475260417 0.479703125 0.8636917988281251 0.4184310517578125 0.8812037037760416 0.3602852182617188 0.8338402779947917 0.33590153759765623 0.9437453704427083
18 0.2890096728515625 0.8286686510416666 0.2846331845703125 0.8420109127604167 0.2840079365234375 0.9379083997395834 0.3313687998046875 0.9453386243489583 0.33402604150390625 0.8353396165364583 0.2890096728515625 0.8286686510416666
26 0.22211086328125 0.923732142578125 0.26337549609375 0.9287354498697917 0.257123263671875 0.8244990078125 0.22976984130859374 0.8202939817708333 0.22211086328125 0.923732142578125
27 0.15958854150390625 0.914559193359375 0.21398288671875 0.9287354498697917 0.215858630859375 0.7944788359375 0.1552118056640625 0.7811689817708333 0.15958854150390625 0.914559193359375
27 0.08893799609375 0.73447123046875 0.10269295654296876 0.9070866399739583 0.1545865576171875 0.91625958984375 0.1492723212890625 0.7463088626302082 0.08893799609375 0.73447123046875