5 0.13164248876953125 0.33837110416666666 0.13316992236328126 0.08286778515625 0.09052863427734376 0.088130986328125 0.09580819677734374 0.334539931640625 0.13164248876953125 0.33837110416666666
8 0.13858777685546875 0.34479509309895834 0.17369201318359376 0.34428721354166664 0.17454517431640626 0.11143758072916667 0.137788998046875 0.11270240299479167 0.13858777685546875 0.34479509309895834
8 0.177475669921875 0.35037318164062503 0.2128776162109375 0.3598395735677083 0.21773047119140626 0.13025844986979165 0.1786293916015625 0.11706879557291666 0.177475669921875 0.35037318164062503
7 0.2149856171875 0.36006494791666666 0.25525148046875 0.36152902799479164 0.25764585791015626 0.150150166015625 0.21981208935546875 0.14468477799479165 0.2149856171875 0.36006494791666666
7 0.2561973271484375 0.363050595703125 0.3085703012695313 0.3729113092447917 0.31045120361328127 0.154375330078125 0.2623728271484375 0.150863923828125 0.2561973271484375 0.363050595703125
0 0.1176544501953125 0.5485107786458333 0.13397734228515626 0.5573578046875 0.1340826015625 0.5005542903645833 0.1195836298828125 0.48870742968750003 0.1176544501953125 0.5485107786458333
42 0.146408546875 0.5615277571614583 0.17370307568359375 0.5658660240885417 0.1738610751953125 0.48066093098958335 0.14437685205078124 0.47716269531250005 0.146408546875 0.5615277571614583
32 0.1754869833984375 0.570318080078125 0.225833876953125 0.5927451783854166 0.23390664697265626 0.4458897369791666 0.17544884716796874 0.41838000520833335 0.1754869833984375 0.570318080078125
31 0.23837311279296874 0.595506236328125 0.2989354248046875 0.6232868326822917 0.31035700634765623 0.43275765625 0.25097907275390624 0.40338778645833334 0.23837311279296874 0.595506236328125
31 0.31188040234375 0.6346132701822916 0.368226958984375 0.66194314453125 0.393700134765625 0.4544515 0.3282739057617188 0.4346732161458333 0.31188040234375 0.6346132701822916
28 0.374524111328125 0.6768198385416667 0.4294110502929688 0.6954716614583334 0.438998951171875 0.5842873138020833 0.383896197265625 0.5684533053385417 0.374524111328125 0.6768198385416667
29 0.4361403017578125 0.7047131087239583 0.49281095166015626 0.7278163020833334 0.50904665234375 0.6130820266927083 0.443812421875 0.590799775390625 0.4361403017578125 0.7047131087239583
30 0.5000541713867187 0.7442149192708333 0.5731821025390625 0.7605556204427083 0.5876338950195312 0.6413692890625 0.511746958984375 0.6229047174479166 0.5000541713867187 0.7442149192708333
23 0.1809734775390625 0.803636462890625 0.1831837451171875 0.6916633463541667 0.20085569970703124 0.6552027259114583 0.136617736328125 0.61992759765625 0.12392324755859375 0.7577665813802082 0.1809734775390625 0.803636462890625
35 0.19118867529296876 0.8089896067708334 0.26215608642578125 0.8535068684895833 0.2666904169921875 0.738941337890625 0.18614950390625 0.6945590950520834 0.19118867529296876 0.8089896067708334
36 0.27245317919921874 0.8716520983072917 0.3613375146484375 0.9180845898437501 0.37284373779296875 0.7957424505208334 0.27574368115234377 0.7455910305989583 0.27245317919921874 0.8716520983072917
34 0.3833334609375 0.8079104381510417 0.37636408447265624 0.9438376848958333 0.44852598681640626 0.9926585735677084 0.4725160341796875 0.9952234355468751 0.5901865693359375 0.9940612571614583 0.600690474609375 0.9422542278645833 0.3833334609375 0.8079104381510417
39 0.18438307275390625 0.8977453125 0.12458420068359374 0.8565464713541666 0.13074290576171874 0.9459846634114584 0.14667277197265624 0.9603863652343749 0.183004396484375 0.9642707096354166 0.18438307275390625 0.8977453125
40 0.261723458984375 0.9726868463541667 0.262917796875 0.9544345104166667 0.19630364453125 0.9085747122395834 0.196242470703125 0.9656860397135416 0.261723458984375 0.9726868463541667
6 0.3890547001953125 0.392081775390625 0.3971611708984375 0.11389104817708333 0.33498490869140624 0.08704028776041667 0.3188088393554688 0.12552862044270832 0.3118640893554688 0.37625290624999996 0.3890547001953125 0.392081775390625
6 0.4161067924804687 0.4088640520833333 0.621924634765625 0.4472836432291667 0.6514638208007812 0.2345193444010417 0.4359335390625 0.19957161979166668 0.4161067924804687 0.4088640520833333