5 0.0941478587962963 0.30755208333333334 0.07611038773148146 0.30855034722222224
8 0.1482078269675926 0.32178819444444445 0.06696686921296297 0.27586805555555555
8 0.19600151909722222 0.3208333333333333 0.06311125578703702 0.280078125
7 0.2421875 0.32884114583333335 0.06357060185185182 0.2775173611111111
7 0.2917263454861111 0.3312934027777778 0.06656539351851853 0.28363715277777785
6 0.5480577256944444 0.37456597222222215 0.20496238425925917 0.2712239583333333
6 0.37872178819444446 0.3243923611111111 0.13606770833333326 0.3047743055555556
0 0.14234483506944445 0.6282552083333334 0.03823061342592593 0.1042100694444444
42 0.17283528645833335 0.6065755208333333 0.041543692129629606 0.13897569444444446
32 0.2255009403935185 0.605078125 0.08696469907407406 0.18789062499999995
31 0.3043004918981481 0.6068793402777778 0.09222366898148149 0.22217881944444443
31 0.38320131655092593 0.6177951388888889 0.0786313657407407 0.22812500000000005
28 0.4542154947916667 0.6871961805555555 0.06202256944444451 0.1381944444444446
29 0.5216489438657408 0.6977430555555556 0.06545500578703711 0.1398003472222221
30 0.5901204427083333 0.7139105902777777 0.06844256365740753 0.14526909722222214
23 0.1953667534722222 0.8124782986111111 0.08217592592592593 0.19592013888888893
35 0.28213975694444443 0.8514105902777779 0.09915726273148151 0.18767361111111094
36 0.38625578703703706 0.8707465277777778 0.12222222222222223 0.2001302083333334
34 0.6682275029296875 1 0.68570416015625 0.8870521048177084 0.46514254150390627 0.8188057623697916 0.45656825390625 0.9873537526041667 0.48830029833984373 1 0.6682275029296875 1
39 0.255136615234375 1 0.2542295224609375 0.9918149889322917 0.18041547314453124 0.9521291217447917 0.1850545537109375 1 0.255136615234375 1