21 0.225824150390625 0.22866555468750002 0.04927783154296875 0.24488809179687498 0.110712181640625 0.6150716041666667 0.23320987109375 0.5770175084635417 0.225824150390625 0.22866555468750002
20 0.3479848818359375 0.22621460156249998 0.22846855029296875 0.23725883072916668 0.2601784228515625 0.5610454453125 0.367387845703125 0.5441138033854166 0.3479848818359375 0.22621460156249998
19 0.3525540498046875 0.24504234440104167 0.38036983837890626 0.5281013854166666 0.4717538212890625 0.510527994140625 0.4510652880859375 0.4360710963541667 0.480066384765625 0.23153689908854166 0.3525540498046875 0.24504234440104167
41 0.5720369526367187 0.2130891022135417 0.4794708203125 0.21357292838541667 0.472061751953125 0.4983688020833333 0.5512584892578125 0.479743978515625 0.5720369526367187 0.2130891022135417
22 0.5708373837890625 0.18913921874999998 0.557043478515625 0.467775837890625 0.6496003818359375 0.44845366341145837 0.6392494497070312 0.34939140039062505 0.6700709145507813 0.19395797981770835 0.5708373837890625 0.18913921874999998
43 0.7194710966796874 0.2600445110677083 0.6589898076171875 0.26219087239583333 0.652037890625 0.439602267578125 0.6910888544921875 0.43152698437500003 0.7194710966796874 0.2600445110677083
9 0.21669982958984374 0.7549251295572916 0.14268209228515624 0.761015626953125 0.17407988720703124 0.9029803157552084 0.22105590185546875 0.879990587890625 0.21669982958984374 0.7549251295572916
9 0.29722153759765624 0.7298399069010416 0.231455845703125 0.7299569804687499 0.2561454599609375 0.86339609765625 0.29490348779296877 0.8413321809895833 0.29722153759765624 0.7298399069010416
3 0.35664282763671873 0.6717412897135416 0.311575640625 0.6693449433593751 0.3128830620117187 0.8249809309895834 0.35574531298828127 0.8150944850260416 0.35664282763671873 0.6717412897135416
2 0.410127203125 0.6556017597656251 0.35725152978515623 0.657881373046875 0.35996281982421874 0.8061925156249999 0.4053329672851563 0.79518076953125 0.410127203125 0.6556017597656251
1 0.45148709765625 0.6618952955729166 0.4121119443359375 0.6653840117187501 0.40910518798828127 0.793912984375 0.44490979248046875 0.7806089088541667 0.45148709765625 0.6618952955729166
4 0.5009087509765625 0.635258953125 0.44594751416015627 0.6236733072916667 0.4484122607421875 0.7684168561197917 0.485564181640625 0.7583312786458333 0.5009087509765625 0.635258953125
25 0.5667456196289062 0.6059303294270834 0.5021549750976563 0.62154991796875 0.49149154638671877 0.7416526119791667 0.5389033056640625 0.7363094505208333 0.5667456196289062 0.6059303294270834
24 0.5581050317382813 0.7373581829427084 0.663685630859375 0.6809565149739583 0.63365051953125 0.594177015625 0.5630883588867187 0.6375208352864583 0.5581050317382813 0.7373581829427084
27 0.2315572919921875 0.99487733203125 0.22693365283203126 0.9383142037760416 0.168282115234375 0.9634078697916667 0.1718108330078125 0.9960575091145834 0.2315572919921875 0.99487733203125
27 0.29871350390625 0.9935507897135416 0.29598391552734377 0.9364311171874999 0.24110970849609376 0.9604639498697917 0.24420122705078126 0.9946275755208333 0.29871350390625 0.9935507897135416
26 0.3112815244140625 0.9462397623697917 0.30363328662109373 0.9894994055989583 0.3049858759765625 0.993426890625 0.34525051171875 0.9926315397135417 0.341789568359375 0.943066294921875 0.3112815244140625 0.9462397623697917
18 0.41245547119140624 0.9039237877604167 0.3756368701171875 0.9210911796875 0.3749921474609375 0.9920440507812499 0.3908932646484375 0.9917299544270833 0.4080428520507812 0.9819457688802083 0.41245547119140624 0.9039237877604167
17 0.41239982763671873 0.86957634765625 0.4241470634765625 0.9666485332031249 0.5236431650390625 0.9141452779947916 0.503826384765625 0.8304272083333334 0.4688515380859375 0.877344447265625 0.41239982763671873 0.86957634765625
10 0.505473931640625 0.8201371328125 0.5274968569335937 0.916176853515625 0.6205260981445313 0.8585040553385417 0.5854959350585938 0.774815154296875 0.552842482421875 0.8130441106770833 0.505473931640625 0.8201371328125