5 0.04142678076171875 0.052121337239583336 0.0464274404296875 0.37629359635416665 0.10889913037109375 0.38642386588541666 0.08927078173828125 0.06763557877604166 0.04142678076171875 0.052121337239583336
8 0.146053947265625 0.109930478515625 0.1035180185546875 0.10922457877604168 0.1093617138671875 0.394670529296875 0.17053647314453124 0.40266880924479165 0.146053947265625 0.109930478515625
8 0.2165698232421875 0.12035263346354168 0.1554675283203125 0.12109604427083333 0.163929232421875 0.41018363867187496 0.22477497509765626 0.42376645052083334 0.2165698232421875 0.12035263346354168
7 0.27089864892578125 0.16405818033854166 0.22617164013671875 0.15859504557291668 0.226906271484375 0.4197834401041667 0.271852853515625 0.42152392838541664 0.27089864892578125 0.16405818033854166
7 0.327457677734375 0.16991393098958332 0.27937528125 0.16750423958333335 0.275883677734375 0.433594296875 0.3249705283203125 0.4455432682291667 0.327457677734375 0.16991393098958332
6 0.3475783994140625 0.15709681966145833 0.3386475737304688 0.43876059895833336 0.45898167138671875 0.44872213736979166 0.47639384765625 0.18537544791666669 0.3475783994140625 0.15709681966145833
6 0.4907185703125 0.251426001953125 0.462534212890625 0.4619554915364583 0.6543822133789062 0.49759156640625 0.6700506821289063 0.296033716796875 0.4907185703125 0.251426001953125
0 0.06717552294921875 0.5087079401041666 0.07226013916015625 0.6149636328125 0.1070372119140625 0.6122383522135416 0.0933758857421875 0.5060706946614583 0.06717552294921875 0.5087079401041666
42 0.100806388671875 0.4813023561197917 0.10908919775390626 0.6176527597656251 0.1478304169921875 0.6200826009114583 0.1419891396484375 0.4777676770833333 0.100806388671875 0.4813023561197917
32 0.15034370556640625 0.46165982031249997 0.14782421533203124 0.6282391204427084 0.2307806826171875 0.6448183834635417 0.2309378076171875 0.489224416015625 0.15034370556640625 0.46165982031249997
31 0.2451155224609375 0.4591837864583333 0.23618799560546874 0.6496233704427083 0.3178840776367188 0.6634503580729166 0.32578169384765626 0.4811064954427083 0.2451155224609375 0.4591837864583333
31 0.3429022412109375 0.47798748958333337 0.325799490234375 0.690073216796875 0.406527640625 0.6961840078125 0.42896727783203126 0.508478431640625 0.3429022412109375 0.47798748958333337
28 0.41466388916015623 0.5860365859375 0.4107978999023438 0.7050698404947916 0.46763531298828126 0.718126513671875 0.4778615727539062 0.5945764674479167 0.41466388916015623 0.5860365859375
29 0.4814749409179688 0.5983522415364583 0.46920048779296875 0.723391365234375 0.5334353662109375 0.7382253899739584 0.5396841586914063 0.6185198444010417 0.4814749409179688 0.5983522415364583
30 0.5481001655273438 0.6138220234375 0.535712927734375 0.7450453860677083 0.6024319086914063 0.76319373046875 0.6134735986328125 0.6394456152343749 0.5481001655273438 0.6138220234375
34 0.6163377739257813 1 0.6402027353515625 0.8723661328125 0.42437546142578125 0.8093368046874999 0.41335419873046875 0.9327339778645833 0.607530541015625 1 0.6163377739257813 1
36 0.29938996923828126 0.7685518990885417 0.29250032861328124 0.8981533398437499 0.40150570703125 0.9262054283854168 0.411140083984375 0.8036051848958333 0.29938996923828126 0.7685518990885417
35 0.287714326171875 0.8929782233072916 0.28835795361328126 0.7579242272135417 0.18013413427734376 0.7361376490885417 0.1826040654296875 0.8624836236979166 0.287714326171875 0.8929782233072916
36 0.09071757080078124 0.6667553606770834 0.08858476513671874 0.8296901634114584 0.1767322119140625 0.8661412832031249 0.1824148857421875 0.6878236028645833 0.09071757080078124 0.6667553606770834