21 0.1383106904296875 0 0.08758154296875 0.2666877845052083 0.1915332685546875 0.3008563489583333 0.27196799951171874 0.028594111328125 0.20005831689453124 0 0.1383106904296875 0
19 0.47685026318359375 0.12801707421875 0.34423381103515627 0.084366521484375 0.3568182666015625 0.15847746028645834 0.3268121728515625 0.26417523372395835 0.2968882231445312 0.3535119798177084 0.395093501953125 0.39733477018229163 0.40369784326171876 0.3255090768229167 0.42288026220703123 0.24533675065104166 0.47685026318359375 0.12801707421875
20 0.24545359326171876 0.21887581901041667 0.21051890087890626 0.266330732421875 0.18741303955078126 0.3071462838541667 0.2952393969726563 0.35220372916666665 0.314438048828125 0.281520462890625 0.35498999169921874 0.14849800390625 0.3458502353515625 0.06669632877604166 0.26873568017578126 0.03203049153645834 0.24202717626953124 0.14034508984375 0.24545359326171876 0.21887581901041667
41 0.5883026713867188 0.176437099609375 0.47485901416015625 0.118855537109375 0.4461268583984375 0.19903015429687498 0.43257640478515624 0.2669305130208333 0.3954690322265625 0.3922628834635417 0.5047093564453125 0.43820974609374996 0.5010865537109375 0.3734223684895834 0.5639056137695313 0.1990014095052083 0.5883026713867188 0.176437099609375
22 0.5109131723632813 0.4071228658854167 0.5038768579101562 0.43281092903645835 0.6257519541015625 0.485626291015625 0.6177052783203125 0.43343748763020834 0.6427650205078125 0.323814314453125 0.7228737739257812 0.19992668098958333 0.5751214516601563 0.14598977799479165 0.5706482377929688 0.16202446549479166 0.5896656328125 0.17838058333333331 0.5669254423828125 0.19981867252604169 0.5109131723632813 0.4071228658854167
43 0.6985765981445312 0.4708109075520834 0.7669617133789063 0.309968068359375 0.6765103002929688 0.2751419733072917 0.6237301088867188 0.4790097220052083 0.6914413657226562 0.504969349609375 0.6985765981445312 0.4708109075520834
24 0.6050866748046875 0.6713210377604167 0.5242171616210938 0.6554710299479166 0.47021744677734373 0.6261984453125 0.4318698828125 0.732225505859375 0.5905501948242188 0.7912145852864584 0.6050866748046875 0.6713210377604167
25 0.399649833984375 0.5363953984375 0.369545267578125 0.680868236328125 0.39450431201171876 0.7057302643229167 0.4367186264648438 0.7111189329427083 0.48843612744140624 0.577173640625 0.399649833984375 0.5363953984375
4 0.354804365234375 0.6941238144531251 0.3928260107421875 0.5578298177083333 0.4009082421875 0.4694795670572917 0.379979974609375 0.46269996158854165 0.3475925712890625 0.5197202701822917 0.3098643115234375 0.6673034082031251 0.354804365234375 0.6941238144531251
1 0.3083949970703125 0.6746660390625 0.34037681005859377 0.5367371276041667 0.3377169814453125 0.4894553020833334 0.319990443359375 0.4841771666666667 0.29961588037109377 0.5144965091145833 0.26747078857421874 0.6532435989583333 0.3083949970703125 0.6746660390625
2 0.2687768896484375 0.6466988216145834 0.30781118505859373 0.49257123177083334 0.30207307421875 0.43838351171875 0.2802573427734375 0.4264805188802083 0.25152582666015627 0.4747518444010417 0.2219922314453125 0.6323129967447917 0.2687768896484375 0.6466988216145834
3 0.20973631787109376 0.4608555006510417 0.1824881259765625 0.6069633906249999 0.19766912451171875 0.626592748046875 0.22318408935546874 0.6231505442708333 0.25485621875 0.46444375585937503 0.251489025390625 0.4246938404947917 0.234419185546875 0.42011112174479165 0.20973631787109376 0.4608555006510417
9 0.17476270068359376 0.6065973756510417 0.20707195068359374 0.4351288795572917 0.1461670380859375 0.41174780078125 0.12073018310546875 0.5902497044270834 0.17476270068359376 0.6065973756510417
9 0.11886981005859375 0.5612915455729167 0.14043746435546875 0.39898779492187497 0.07806317236328125 0.382969671875 0.06147665673828125 0.44056370833333336 0.05701769140625 0.5617976555989583 0.10133725830078125 0.5789654720052083 0.11886981005859375 0.5612915455729167
10 0.50864370703125 0.9788080403645832 0.5147430927734375 0.8744074036458334 0.4461490556640625 0.8799868404947917 0.395790056640625 0.8292807513020833 0.36622469873046876 0.9359601692708334 0.47222800830078127 0.9802466848958334 0.50864370703125 0.9788080403645832
17 0.36666549853515623 0.93694148828125 0.39530028515625 0.8317349622395834 0.33268063525390623 0.832895720703125 0.2857822890625 0.7712288177083333 0.2407095908203125 0.8726746940104166 0.30146745849609374 0.9063630104166666 0.36666549853515623 0.93694148828125
18 0.26012137255859374 0.7658344934895833 0.21793986181640626 0.7475209108072917 0.21109986865234376 0.759465947265625 0.19172112890625 0.8533812994791666 0.236018865234375 0.8730526888020833 0.26012137255859374 0.7658344934895833
26 0.1879526904296875 0.73509392578125 0.162351486328125 0.7238173385416666 0.1347015859375 0.8232914511718751 0.1735852685546875 0.8389881438802084 0.1879526904296875 0.73509392578125
27 0.153966787109375 0.6948548066406249 0.09798540869140625 0.6659417975260417 0.07609848486328125 0.7979465598958333 0.125870103515625 0.8260748854166667 0.153966787109375 0.6948548066406249
27 0.0709334736328125 0.798306984375 0.09907252099609375 0.6301899654947917 0.043104798828125 0.6028029576822916 0.022598126953125 0.775740876953125 0.0709334736328125 0.798306984375