5 0.11881448388671875 0.3947893515625 0.1832100693359375 0.3959993385416667 0.1659774306640625 0.11890476171874999 0.14874479150390624 0.058403769531250004 0.1260704365234375 0.05356382291666667 0.1088377978515625 0.127375 0.11881448388671875 0.3947893515625
8 0.175954365234375 0.155205357421875 0.18774503955078126 0.3923693782552083 0.24760590283203124 0.3947893515625 0.2403499501953125 0.17819576692708336 0.21767534716796874 0.10438458984375 0.1938670634765625 0.10007010611979167 0.175954365234375 0.155205357421875
8 0.23944295654296874 0.18182572721354165 0.251233630859375 0.3947893515625 0.30837351171875 0.399629298828125 0.3056525297851562 0.18787599218749998 0.2811639384765625 0.10559457682291667 0.259623263671875 0.10611673307291668 0.23944295654296874 0.18182572721354165
7 0.30655952392578123 0.19150595247395832 0.31200148828125 0.39357936523437503 0.3600714287109375 0.3959993385416667 0.3636994047851563 0.22296660026041668 0.3419317954101562 0.14431514518229166 0.32424553564453124 0.14390773828125 0.30655952392578123 0.19150595247395832
7 0.36279241064453127 0.20360615104166668 0.3646063989257812 0.39357936523437503 0.408141369140625 0.3959993385416667 0.4163043154296875 0.21812632291666667 0.40179241064453125 0.14431514518229166 0.3786644345703125 0.14390773828125 0.36279241064453127 0.20360615104166668
6 0.40904836328125 0.3947893515625 0.50609523828125 0.39357936523437503 0.4997465278320313 0.132214947265625 0.43081597216796874 0.1287913359375 0.40904836328125 0.3947893515625
6 0.5478164682617187 0.3959993385416667 0.6938402778320313 0.38752910026041665 0.6992822421875 0.2084464283854167 0.5695840771484375 0.2060261243489583 0.5478164682617187 0.3959993385416667
0 0.16960540673828126 0.64266534375 0.15509375 0.54465376953125 0.136047123046875 0.5490257936197916 0.13876810498046874 0.6450853177083333 0.16960540673828126 0.64266534375
42 0.1641634423828125 0.5591739420572917 0.1732333828125 0.6402453704427084 0.213140376953125 0.6354054231770833 0.21132663671875 0.5688541666666667 0.194093998046875 0.497462962890625 0.1757274306640625 0.497630291015625 0.1641634423828125 0.5591739420572917
32 0.21948933544921875 0.6354054231770833 0.30746651806640624 0.6317751321614583 0.309280505859375 0.4865727513020834 0.213140376953125 0.46479265885416665 0.21948933544921875 0.6354054231770833
31 0.31200148828125 0.6293551588541667 0.3999786704101562 0.6317751321614583 0.408141369140625 0.4418022486979167 0.3095071923828125 0.43414153450520837 0.31200148828125 0.6293551588541667
31 0.40542038671875 0.6257251985677084 0.47162996044921873 0.6269351848958333 0.4924905751953125 0.44301223567708337 0.4092750498046875 0.43262996028645834 0.40542038671875 0.6257251985677084
28 0.486141865234375 0.6305651451822917 0.5351187998046875 0.628145171875 0.5396535219726563 0.53013359765625 0.48750223193359377 0.5293743385416666 0.486141865234375 0.6305651451822917
29 0.5369325395507812 0.6257251985677084 0.5868164682617187 0.628145171875 0.5977003969726562 0.5313435846354166 0.5441884921875 0.5263511907552083 0.5369325395507812 0.6257251985677084
30 0.5904446923828125 0.6220949075520833 0.6448633432617188 0.6269351848958333 0.6548400297851562 0.5277136243489583 0.6022353671875 0.5252936510416667 0.5904446923828125 0.6220949075520833
23 0.15509375 0.8810393515625 0.2612105654296875 0.8774090605468751 0.252140625 0.7055863092447917 0.146250744140625 0.7062357805989583 0.15509375 0.8810393515625
35 0.2684662700195313 0.8725691139322916 0.370048115234375 0.8604689153645834 0.37095510888671873 0.7418869049479166 0.25735590283203125 0.7455383600260417 0.2684662700195313 0.8725691139322916
36 0.37549007958984376 0.8568389550781249 0.48069990087890624 0.8568389550781249 0.48976959326171876 0.7334169973958334 0.3863740078125 0.7394669309895834 0.37549007958984376 0.8568389550781249
34 0.49067658740234377 0.8459487434895833 0.6548400297851562 0.8374785052083333 0.6811426088867187 0.7201064817708334 0.4952115576171875 0.7285767194010417 0.49067658740234377 0.8459487434895833
39 0.2718454833984375 1 0.27209424609375 0.9717906744791667 0.15690773828125 0.97905092578125 0.1592813701171875 1 0.2718454833984375 1
40 0.3759299482421875 1 0.37549007958984376 0.9536405423177082 0.2754955356445313 0.9662367727864584 0.2779067685546875 1 0.3759299482421875 1
37 0.4766832666015625 1 0.47979290673828123 0.91370965625 0.38093204345703124 0.923911044921875 0.38365898046875 1 0.4766832666015625 1
38 0.6120965712890625 1 0.62218898828125 0.9245998678385416 0.48296726171875 0.9329808203125 0.4826720952148438 1 0.6120965712890625 1