5 0.11328125 0.24283854166666666 0.06396484375 0.3190104166666667
8 0.17822265625 0.2649739583333333 0.05810546875 0.27734375
8 0.2373046875 0.2662760416666667 0.0517578125 0.2779947916666667
7 0.29248046875 0.283203125 0.05078125 0.244140625
7 0.3486328125 0.28125 0.0498046875 0.240234375
6 0.4375 0.271484375 0.1181640625 0.259765625
6 0.58447265625 0.3053385416666667 0.1689453125 0.18424479166666666
0 0.13037109375 0.587890625 0.033203125 0.099609375
42 0.169921875 0.5618489583333334 0.0439453125 0.13802083333333334
32 0.23486328125 0.5514322916666666 0.0830078125 0.15950520833333334
31 0.32568359375 0.5390625 0.08642578125 0.185546875
31 0.4111328125 0.5377604166666666 0.0693359375 0.19205729166666666
28 0.47900390625 0.5865885416666666 0.05078125 0.10546875
29 0.53857421875 0.5852864583333334 0.0517578125 0.111328125
30 0.5986328125 0.5865885416666666 0.05322265625 0.109375
23 0.18310546875 0.7786458333333334 0.09912109375 0.16471354166666666
35 0.2880859375 0.7884114583333334 0.1064453125 0.140625
36 0.39990234375 0.7819010416666666 0.10693359375 0.146484375
34 0.55615234375 0.7864583333333334 0.19189453125 0.14778645833333334
39 0.19482421875 0.9622395833333334 0.1044921875 0.07552083333333333
40 0.30126953125 0.9602864583333334 0.099609375 0.07942708333333333
37 0.404052734375 0.9518229166666666 0.09619140625 0.09635416666666667
38 0.531005859375 0.9625651041666666 0.14697265625 0.07486979166666667