21 0.10748697916666666 0.35646701388888885 0.20576171875 0.36245659722222223
20 0.249169921875 0.3968532986111111 0.16412760416666666 0.32699652777777777
19 0.3639811197916667 0.4400824652777778 0.1351888020833334 0.2829427083333333
41 0.4673177083333333 0.45286458333333335 0.12327473958333335 0.2779947916666667
22 0.5751953125 0.47291666666666665 0.1376627604166667 0.2740885416666667
43 0.6537760416666667 0.5296006944444445 0.08404947916666661 0.19348958333333321
9 0.07408854166666666 0.710546875 0.11393229166666666 0.19809027777777763
9 0.15821940104166665 0.7248914930555556 0.09824218750000002 0.18567708333333321
3 0.227001953125 0.7225043402777778 0.08193359374999998 0.1997829861111112
2 0.2806640625 0.7282552083333332 0.0766927083333333 0.20190972222222214
1 0.32615559895833335 0.7502821180555556 0.06044921875000009 0.16870659722222214
4 0.3750813802083333 0.7379557291666666 0.07164713541666667 0.2079427083333334
25 0.4349609375 0.7713975694444445 0.09049479166666674 0.1473958333333331
24 0.48197712890625 0.7524536927083334 0.45991973974609374 0.8479413444010416 0.5857542958984375 0.8533795260416667 0.578877251953125 0.753183583984375 0.48197712890625 0.7524536927083334
27 0.06555989583333333 0.9007378472222222 0.08180338541666665 0.09995659722222221
27 0.13391927083333333 0.9264322916666666 0.07428385416666666 0.08567708333333328
26 0.19358723958333335 0.9444878472222222 0.053417968750000044 0.07669270833333346
18 0.258251953125 0.9453776041666666 0.06142578124999998 0.10924479166666679
17 0.4011579404296875 1 0.4053174345703125 0.9222440846354166 0.3054698369140625 0.91479419921875 0.2887353481445312 1 0.4011579404296875 1
10 0.5140502231445313 1 0.5082198286132813 0.9181127389322916 0.415346724609375 0.921091787109375 0.4111617236328125 1 0.5140502231445313 1