21 0.20250989404296876 0.08959453320312499 0.1210573798828125 0.05481369010416667 0.07444511279296875 0.28730918880208334 0.1459314638671875 0.308048060546875 0.20250989404296876 0.08959453320312499
20 0.2296386064453125 0.3561789375 0.26539856396484374 0.123924146484375 0.29330685986328126 0.12211526627604168 0.202957658203125 0.090641123046875 0.190701126953125 0.195024166015625 0.15069484521484375 0.31657171875 0.2296386064453125 0.3561789375
19 0.267415638671875 0.127595802734375 0.2596688818359375 0.22065673763020832 0.2317234619140625 0.35835927864583333 0.2962322880859375 0.39394020703125004 0.356885314453125 0.15583786979166667 0.267415638671875 0.127595802734375
41 0.458540736328125 0.19218672786458335 0.35475258447265623 0.14165235611979168 0.30441221826171877 0.3914250143229167 0.39305970849609373 0.43453827278645835 0.458540736328125 0.19218672786458335
22 0.5013390122070313 0.4831273717447917 0.5252425244140625 0.34429743359375004 0.5825871557617187 0.23158305989583336 0.46259179638671877 0.18503151953125 0.45576290380859374 0.27695144075520833 0.40241055078125 0.4363470638020834 0.5013390122070313 0.4831273717447917
43 0.6288887338867187 0.330037337890625 0.5517128608398437 0.2947801380208333 0.5165762739257812 0.48577863346354166 0.5790963583984375 0.5144092337239583 0.6288887338867187 0.330037337890625
9 0.10549221142578125 0.43255525065104167 0.0633097138671875 0.41279498697916667 0.06008168603515625 0.5294115247395833 0.08896798486328125 0.5414660735677083 0.10549221142578125 0.43255525065104167
9 0.1541863388671875 0.465323517578125 0.1112315166015625 0.4405702395833333 0.10888806494140625 0.5614120286458334 0.1375338232421875 0.5710009186197916 0.1541863388671875 0.465323517578125
3 0.19550970947265625 0.4636933111979167 0.162958853515625 0.44821636914062496 0.14825306982421874 0.5880982109375 0.1730963720703125 0.6031211497395833 0.19550970947265625 0.4636933111979167
2 0.23650005126953125 0.493111818359375 0.1961110830078125 0.4642039921875 0.18141371435546874 0.6063402044270834 0.21147084130859375 0.62731371875 0.23650005126953125 0.493111818359375
1 0.26558246875 0.529999736328125 0.2345868203125 0.5131317194010416 0.21809219775390626 0.6282611315104166 0.24789690771484374 0.6509628268229167 0.26558246875 0.529999736328125
4 0.307060212890625 0.5514607180989584 0.27015199658203126 0.524175287109375 0.25204661865234373 0.650321705078125 0.286523794921875 0.6734272154947917 0.307060212890625 0.5514607180989584
25 0.38831966748046876 0.5921113606770834 0.317625119140625 0.552021115234375 0.3041867529296875 0.6774544257812499 0.3589608759765625 0.7143147747395834 0.38831966748046876 0.5921113606770834
24 0.518289908203125 0.7110952018229167 0.3938771987304687 0.6373241614583333 0.3588704091796875 0.7241812662760417 0.49362309912109376 0.8058309466145833 0.518289908203125 0.7110952018229167
27 0.08252578857421874 0.6030377975260417 0.04867163818359375 0.5826033372395834 0.041367458984375 0.7273454283854166 0.0703961162109375 0.7507294511718751 0.08252578857421874 0.6030377975260417
27 0.12508445556640624 0.6679646907552083 0.0899445087890625 0.6412988072916667 0.08091447607421876 0.7527641783854166 0.11371382958984375 0.7780994114583333 0.12508445556640624 0.6679646907552083
26 0.16019215087890626 0.7191229967447916 0.13854698291015624 0.7076554544270833 0.1307630791015625 0.79094804296875 0.1557326884765625 0.8051070865885417 0.16019215087890626 0.7191229967447916
18 0.20926509423828124 0.7579899707031249 0.18083332666015625 0.7363015227864583 0.166954404296875 0.8208265618489583 0.19663256396484374 0.8443920859374999 0.20926509423828124 0.7579899707031249
17 0.21324903759765626 0.8463291529947917 0.30959030859375 0.9271565833333333 0.3420691376953125 0.8390961210937501 0.2861034375 0.8288812109375 0.25412892626953126 0.7724730813802084 0.21324903759765626 0.8463291529947917
10 0.44358994873046875 1 0.46186525634765624 0.9120777122395833 0.39446101904296876 0.896874037109375 0.35676629638671875 0.8449146380208333 0.312982083984375 0.931699478515625 0.39428811474609377 0.9897490091145834 0.43103965478515627 1 0.44358994873046875 1
12 0.03269941845703125 0.8888922200520833 0.07251603662109375 0.8999981425781249 0.07457693701171875 0.8885828502604167 0.04720711962890625 0.8908403984375001 0.036687154296875 0.86685329296875 0.03269941845703125 0.8888922200520833
14 0.07712346044921875 0.8792555501302083 0.0752555380859375 0.900762263671875 0.11032319140625 0.9105435729166667 0.10986696630859374 0.8876349980468751 0.07712346044921875 0.8792555501302083