5 0.175547123046875 0.45419775130208334 0.1623447421875 0.057117724609375004 0.0854593251953125 0.062129298828125006 0.09859598193359374 0.4577205690104167 0.175547123046875 0.45419775130208334
8 0.24118204345703126 0.45117791015625003 0.23137450390625 0.120026455078125 0.168655009765625 0.11872486783854168 0.175547123046875 0.4471517858072917 0.24118204345703126 0.45117791015625003
8 0.30908035693359376 0.45117791015625003 0.31209796630859377 0.13512466927083333 0.2416631943359375 0.12702579361979166 0.2475947421875 0.45520403450520835 0.30908035693359376 0.45117791015625003
7 0.30908035693359376 0.45319113736979166 0.364530505859375 0.45017129622395835 0.3660394345703125 0.17538624348958332 0.314671626953125 0.1738115078125 0.30908035693359376 0.45319113736979166
7 0.37094320458984376 0.45419775130208334 0.41884895849609377 0.45319113736979166 0.428656498046875 0.17941236783854167 0.3740969741210938 0.17682969596354167 0.37094320458984376 0.45419775130208334
6 0.5214508930664062 0.44966832031250004 0.521827876953125 0.171360119140625 0.4363521826171875 0.16400132291666666 0.425638888671875 0.45319113736979166 0.5214508930664062 0.44966832031250004
6 0.6952053569335938 0.44111243359374996 0.7114255952148437 0.26647817447916666 0.5433177084960937 0.2522906744791667 0.5288549106445313 0.44262235481770834 0.6952053569335938 0.44111243359374996
0 0.14747098193359376 0.7389457669270834 0.1380406748046875 0.6151412037760416 0.10696577392578124 0.6212939817708333 0.11012698388671875 0.7454880950520834 0.14747098193359376 0.7389457669270834
42 0.19726289697265625 0.7233442460937499 0.19273635888671875 0.5698468912760416 0.14884647802734374 0.566207671875 0.14897991064453125 0.7308931881510418 0.19726289697265625 0.7233442460937499
32 0.30250520849609375 0.7152919973958333 0.30740897802734374 0.5285790345052083 0.19412301611328125 0.5269679231770833 0.19990352197265626 0.7313964947916666 0.30250520849609375 0.7152919973958333
31 0.3964310517578125 0.6891220240885416 0.39982589306640626 0.5008991399739583 0.306748263671875 0.49376521158854164 0.31004935498046876 0.7032136243489583 0.3964310517578125 0.6891220240885416
31 0.46923288671875 0.6916382272135416 0.4869620537109375 0.48731084635416666 0.40623859130859374 0.48831746028645834 0.4020892856445312 0.690128306640625 0.46923288671875 0.6916382272135416
28 0.5313015874023438 0.6946577382812501 0.5407318950195312 0.5773961640624999 0.48615625 0.5729990078125 0.47547420654296874 0.681069775390625 0.5313015874023438 0.6946577382812501
29 0.5814707338867188 0.688618716796875 0.5961820434570313 0.566827380859375 0.546767361328125 0.5658207669270833 0.5393561508789062 0.6876994049479167 0.5814707338867188 0.688618716796875
30 0.6450510913085937 0.693651455078125 0.6544813989257813 0.5653174602864584 0.5993474702148438 0.5548885579427083 0.588092013671875 0.6896253307291667 0.6450510913085937 0.693651455078125
36 0.2512415673828125 0.9743756614583333 0.2301175595703125 0.7861527779947917 0.11205927587890625 0.8016451718750001 0.1260069443359375 0.9919900794270834 0.2512415673828125 0.9743756614583333
35 0.3632735615234375 0.9477023808593751 0.36515947412109373 0.8108131614583334 0.2432879462890625 0.8345628307291667 0.25501364111328123 0.976891865234375 0.3632735615234375 0.9477023808593751
36 0.47870039697265626 0.917506283203125 0.48096378955078123 0.7821266536458333 0.37013516845703126 0.7963630950520834 0.37081770849609375 0.9431729498697917 0.47870039697265626 0.917506283203125
34 0.6480687001953125 0.88328373046875 0.6642886904296875 0.7665251321614583 0.49464558544921877 0.775234126953125 0.48209523828125 0.919015873046875 0.6480687001953125 0.88328373046875