21 0.1887229609375 0.46781748111979166 0.2217062197265625 0.45754891015625 0.20748154833984375 0.43945158203124995 0.23751958935546874 0.16202172786458333 0.06965780615234375 0.1247394375 0.10060348388671875 0.374259318359375 0.0754537119140625 0.45658722070312496 0.1887229609375 0.46781748111979166
19 0.3454456806640625 0.491794220703125 0.43702574169921876 0.5061008580729166 0.4197302646484375 0.427436076171875 0.46241037158203124 0.24489673697916667 0.3365724541015625 0.21682416406250002 0.3503042607421875 0.28913265364583335 0.3348806708984375 0.4448411881510417 0.3454456806640625 0.491794220703125
20 0.3291090249023437 0.41693968294270833 0.345521125 0.272601009765625 0.32351760107421873 0.19630315429687498 0.23569225244140626 0.17707946614583334 0.221067572265625 0.29628090299479165 0.230873337890625 0.389819861328125 0.220816951171875 0.47123903710937504 0.33977856494140624 0.4903508951822917 0.3291090249023437 0.41693968294270833
41 0.5538096997070312 0.2715134811197917 0.46315867236328123 0.24403555924479167 0.42510778515625 0.42710642708333335 0.4416991748046875 0.5042652623697916 0.5285891630859375 0.512259224609375 0.5191709130859375 0.483997451171875 0.5538096997070312 0.2715134811197917
22 0.6517370747070312 0.276034103515625 0.5337156293945312 0.24011023958333333 0.5337976484375 0.260821298828125 0.5532331860351563 0.272840826171875 0.5463184077148437 0.2891836484375 0.5401913081054688 0.30865765364583336 0.5207467729492188 0.49026115625000005 0.528568658203125 0.5070813776041666 0.6302242661132812 0.522801734375 0.6149829360351563 0.3949512669270833 0.6434348305664063 0.333748416015625 0.6517370747070312 0.276034103515625
43 0.631858087890625 0.34786923502604167 0.6253572543945313 0.4688022493489583 0.626342029296875 0.5216404440104166 0.6769433876953125 0.5213404192708333 0.6994353168945312 0.37490975325520837 0.7102325815429688 0.3597285598958333 0.6706020341796874 0.33980629882812496 0.631858087890625 0.34786923502604167
9 0.1038723798828125 0.7759024127604167 0.1759844443359375 0.773062943359375 0.1735140302734375 0.7367432408854167 0.1775813564453125 0.588810318359375 0.10232241259765625 0.5803447278645834 0.09548866357421874 0.6172114895833333 0.10130764306640624 0.715764943359375 0.1038723798828125 0.7759024127604167
9 0.18372841259765624 0.770208005859375 0.2543179306640625 0.7745672350260416 0.25650766845703127 0.593106361328125 0.18689708251953124 0.5911831868489583 0.18372841259765624 0.770208005859375
3 0.2807097529296875 0.7805996510416667 0.3062641884765625 0.7710740345052084 0.312584330078125 0.6045762858072917 0.304886494140625 0.570091107421875 0.2775626826171875 0.5734139648437501 0.25987909716796875 0.6121866276041666 0.2550607490234375 0.7663078229166667 0.2807097529296875 0.7805996510416667
2 0.3715889018554687 0.6209851946614583 0.35719982568359376 0.561435935546875 0.32638568017578123 0.5646426627604166 0.31489890869140624 0.6015453411458334 0.30394550927734376 0.7730697408854167 0.35594483056640625 0.7830386048177083 0.3715889018554687 0.6209851946614583
1 0.39472183349609374 0.783260232421875 0.4077998203125 0.6096556868489583 0.3746257954101562 0.604516990234375 0.36384928369140623 0.6248760397135417 0.3617438544921875 0.6807203658854166 0.35981476416015623 0.7810931861979166 0.39472183349609374 0.783260232421875
4 0.39308445947265624 0.76146331640625 0.4164227392578125 0.7798223125 0.4419894765625 0.7734030735677083 0.45698094775390624 0.64239094140625 0.4512491083984375 0.5657788509114583 0.4303023056640625 0.5638696627604166 0.40799801318359374 0.6107756953125 0.39308445947265624 0.76146331640625
25 0.48697944921875 0.775896984375 0.5125382319335937 0.7674066145833334 0.5368338154296876 0.6358345071614583 0.460826275390625 0.63423210546875 0.4466104306640625 0.7652693821614583 0.48697944921875 0.775896984375
24 0.52619169921875 0.6901928138020833 0.5126038471679687 0.7839753958333334 0.6413361899414063 0.7829717604166667 0.6174733647460937 0.68114659375 0.52619169921875 0.6901928138020833
10 0.47421627587890625 0.8820911419270834 0.47618992724609377 0.9888031002604167 0.59791726953125 0.9813597591145834 0.5697863569335937 0.8788564921875 0.5301306420898437 0.9015058509114584 0.47421627587890625 0.8820911419270834
17 0.37155401953125 0.88663032421875 0.360127109375 0.9875757154947916 0.42315114990234376 0.9908095501302084 0.482032693359375 0.9761517057291668 0.47237248779296875 0.88679265625 0.42597479345703126 0.9204927265624999 0.37155401953125 0.88663032421875
18 0.33364628955078124 1 0.34825694140625 0.9958866569010416 0.35711809033203123 0.8834719296875 0.3090543168945312 0.8881264283854167 0.305158333984375 1 0.33364628955078124 1
26 0.24935203662109376 0.8913681959635417 0.237372603515625 0.99969869921875 0.2862021513671875 0.9925812623697916 0.28503448486328126 0.8935603782552084 0.24935203662109376 0.8913681959635417
27 0.22933717236328124 1 0.23681077392578126 0.8578283287760416 0.17630416015625 0.853795966796875 0.17186004736328125 1 0.22933717236328124 1
27 0.1682926806640625 1 0.16686155078125 0.819320783203125 0.10231617822265625 0.823592310546875 0.1031975146484375 1 0.1682926806640625 1