21 0.13806189501953126 0 0.10711365185546876 0.26293098828125 0.2138327412109375 0.29295076953125 0.27481223681640626 0.017806479166666667 0.22345160107421874 0 0.13806189501953126 0
19 0.48746815283203127 0.10901721028645833 0.3513168979492188 0.07065953580729166 0.3692956357421875 0.14419134635416667 0.3468459482421875 0.2509597291666667 0.3232957119140625 0.34138180859374995 0.42494995654296874 0.381272478515625 0.4283857646484375 0.30918539453125 0.44182639111328126 0.22834248958333334 0.48746815283203127 0.10901721028645833
20 0.2619797607421875 0.20892777669270834 0.23037634716796876 0.25771220833333336 0.21015551513671876 0.29939674739583333 0.32154758740234374 0.34014020638020837 0.33569056689453125 0.26877529361979163 0.3667406083984375 0.13429516145833334 0.3516603564453125 0.052944826171874994 0.27181914013671876 0.021366921223958335 0.252865662109375 0.13061883463541665 0.2619797607421875 0.20892777669270834
41 0.6027397529296875 0.15297614583333333 0.4848088232421875 0.099944490234375 0.46179134814453127 0.181167373046875 0.45311149169921877 0.24952905078124998 0.42495985400390623 0.3761913118489583 0.5378342377929688 0.4177672890625 0.5295168579101562 0.35319436718749997 0.579904443359375 0.17648055989583333 0.6027397529296875 0.15297614583333333
22 0.5418081435546875 0.3864692024739584 0.5366090185546875 0.41240732812500003 0.6626508671875 0.4603445592447917 0.650807875 0.4085313326822917 0.6680132690429688 0.29803748893229165 0.739393572265625 0.17111769205729166 0.587319494140625 0.12308358528645834 0.5839928359375 0.13927757031250002 0.6042471245117188 0.15486358984375 0.5829919873046875 0.17717749153645834 0.5418081435546875 0.3864692024739584
43 0.7346123491210937 0.442665267578125 0.791563607421875 0.27929452799479165 0.6983358515625 0.24808400781249998 0.6601448583984375 0.4538152220052083 0.7299264443359375 0.47706837890625 0.7346123491210937 0.442665267578125
24 0.6553525810546875 0.6466526041666667 0.5731060952148438 0.6340183639322917 0.5168356840820313 0.6069136041666666 0.4860445083007813 0.7143408138020834 0.6494430708007812 0.7669893483072916 0.6553525810546875 0.6466526041666667
25 0.4395736044921875 0.5200001341145833 0.4198286606445312 0.665504876953125 0.446656560546875 0.6893524720052083 0.48938106298828127 0.693065662109375 0.5315618334960938 0.5572221171875 0.4395736044921875 0.5200001341145833
4 0.4060040517578125 0.6793288893229167 0.43428003125 0.541680884765625 0.43599748779296876 0.453108046875 0.4145192646484375 0.44716359309895837 0.38616200927734373 0.50540216796875 0.35899647607421875 0.6543153079427083 0.4060040517578125 0.6793288893229167
1 0.35805529443359374 0.6617279609375 0.380155982421875 0.5226857102864583 0.37407000634765625 0.4755610240885417 0.3559112177734375 0.470989763671875 0.33767059375 0.502081603515625 0.3154653159179687 0.64194758984375 0.35805529443359374 0.6617279609375
2 0.31630194970703124 0.63535834765625 0.3443040751953125 0.47985629166666666 0.3346317172851562 0.4259550423177083 0.3118930673828125 0.4149279290364583 0.286569576171875 0.46428254296875 0.2683435400390625 0.6228386399739584 0.31630194970703124 0.63535834765625
3 0.24365597412109374 0.45205422265625 0.22689378076171876 0.5990792532552084 0.243537375 0.6180866438802083 0.2688763432617188 0.6136391158854166 0.28916418994140625 0.4538540638020833 0.2829133974609375 0.41428098828125 0.26546346240234375 0.41037840885416665 0.24365597412109374 0.45205422265625
9 0.21911982568359376 0.599019177734375 0.23912392138671876 0.426461240234375 0.17635455419921875 0.40551461067708333 0.16375100927734376 0.5848264290364583 0.21911982568359376 0.599019177734375
9 0.15979160205078125 0.5559736608072917 0.16968604638671875 0.3929952252604167 0.10597545556640625 0.37946157682291665 0.09350570166015625 0.43764832942708337 0.09779940478515625 0.5589254401041667 0.14348682421875 0.5743215755208334 0.15979160205078125 0.5559736608072917
10 0.5808659291992188 0.9576160800781249 0.5794344077148438 0.85308891015625 0.5110478432617187 0.8613750826822916 0.45687887109375 0.8127163763020833 0.43494215283203125 0.9204478932291668 0.54445023046875 0.9604933697916667 0.5808659291992188 0.9576160800781249
17 0.43545516259765626 0.9214107005208333 0.4565651440429688 0.8151872604166667 0.3938505546875 0.81882332421875 0.3423596362304687 0.759078978515625 0.30449289013671876 0.8621960123697917 0.3678600224609375 0.89344437109375 0.43545516259765626 0.9214107005208333
18 0.3162354052734375 0.7547054583333334 0.27260930810546874 0.7380802565104166 0.2666134223632812 0.7502826881510417 0.25396955712890623 0.8448612864583334 0.299816095703125 0.8627591080729166 0.3162354052734375 0.7547054583333334
26 0.2416379921875 0.7268529036458333 0.21514834716796874 0.7166012207031249 0.1946116025390625 0.8170595937499999 0.23474124609375 0.8312012089843751 0.2416379921875 0.7268529036458333
27 0.204645662109375 0.688002119140625 0.14641392431640626 0.6613349127604167 0.13400863525390624 0.7940602740885416 0.18595614111328124 0.8201892506510416 0.204645662109375 0.688002119140625
27 0.1288549296875 0.794624576171875 0.144919228515625 0.62557936328125 0.08681151904296874 0.6004359427083333 0.078749955078125 0.77399490234375 0.1288549296875 0.794624576171875