27 0.2926674052734375 1 0.28102118017578126 0.8813786634114583 0.221114810546875 0.8920404830729166 0.2313990869140625 1 0.2926674052734375 1
27 0.35845538720703124 1 0.3482229755859375 0.9098795807291666 0.29687268994140625 0.9170232565104167 0.30377320263671875 1 0.35845538720703124 1
26 0.4069479033203125 1 0.39883267529296873 0.9243197923177083 0.36218150390625 0.9233524179687499 0.36581211572265626 1 0.4069479033203125 1
18 0.47246371337890625 1 0.4717547099609375 0.9187047194010417 0.434551109375 0.9180656842447917 0.43367700732421877 1 0.47246371337890625 1
17 0.55836283984375 1 0.597956513671875 0.9910560774739583 0.575908017578125 0.8985838385416667 0.4831932744140625 0.9097965501302084 0.4930631005859375 1 0.55836283984375 1
17 0.669202369140625 0.8794348111979167 0.5878400083007812 0.8932123333333334 0.60526620703125 0.9813414335937499 0.7062102583007812 0.95552038671875 0.669202369140625 0.8794348111979167
9 0.1903017060546875 0.6454016575520833 0.21473676318359375 0.8302003795572918 0.2814341484375 0.8225980071614584 0.2612817783203125 0.6392304173177084 0.1903017060546875 0.6454016575520833
9 0.27756298583984373 0.6316640358072917 0.29379465185546877 0.813941419921875 0.35679335791015626 0.8075586861979166 0.33839667236328125 0.6250876953125 0.27756298583984373 0.6316640358072917
3 0.34738551904296877 0.61175871875 0.36201702001953123 0.8130190631510418 0.4066254921875 0.8099280234375 0.39548064501953123 0.611114796875 0.34738551904296877 0.61175871875
2 0.44798890380859374 0.59658018359375 0.399720072265625 0.5989058834635417 0.4089132587890625 0.8024687890625 0.45762308154296877 0.7994430345052083 0.44798890380859374 0.59658018359375
1 0.4834606611328125 0.617242720703125 0.4470222646484375 0.6222971959635416 0.455896236328125 0.801859572265625 0.5000872421875 0.7894192701822916 0.4834606611328125 0.617242720703125
4 0.5330033837890625 0.5709942467447916 0.4830148974609375 0.5740828756510417 0.4931078081054687 0.783061634765625 0.5379321669921875 0.7816033821614584 0.5330033837890625 0.5709942467447916
25 0.5379797915039063 0.6322092643229167 0.5401049365234375 0.776369419921875 0.6042261987304688 0.7753817473958334 0.6077322783203125 0.6378537389322917 0.5379797915039063 0.6322092643229167
24 0.6104758950195313 0.6882517050781249 0.6220410717773438 0.7832154485677084 0.7250567578125 0.74830241015625 0.688676142578125 0.6619570436197917 0.6104758950195313 0.6882517050781249
21 0.1299549306640625 0.21240750065104166 0.16477485546875 0.5128981634114583 0.2774906547851563 0.5111097076822917 0.26287497314453123 0.2303320234375 0.1299549306640625 0.21240750065104166
20 0.2787904365234375 0.23618024348958333 0.30106109130859376 0.500567771484375 0.4031575205078125 0.5144162174479167 0.373662861328125 0.238724443359375 0.2787904365234375 0.23618024348958333
19 0.38054249951171876 0.25881886914062496 0.4106689926757813 0.5124176907552084 0.4938712275390625 0.5102674830729167 0.490725048828125 0.257428369140625 0.38054249951171876 0.25881886914062496
41 0.588791978515625 0.5069852825520833 0.577873576171875 0.26520502864583334 0.4877376840820313 0.26578457747395834 0.49597708251953126 0.501432419921875 0.588791978515625 0.5069852825520833
22 0.5783106938476562 0.26468401171875 0.5826648725585938 0.501899326171875 0.682861423828125 0.4982818079427083 0.6773275029296875 0.26452396484375 0.5783106938476562 0.26468401171875
43 0.6808972788085937 0.32922409440104167 0.679905873046875 0.49586871875 0.729723900390625 0.504321384765625 0.7371590419921875 0.3331546510416667 0.6808972788085937 0.32922409440104167