9 0.3314887152777778 0.7359049479166666 0.18381076388888892 0.145406539351852
9 0.4307508680555556 0.6866988570601852 0.1571614583333334 0.13799189814814805
3 0.5079644097222222 0.6343225549768519 0.11328125 0.14140263310185186
2 0.5733072916666666 0.5945963541666666 0.10572916666666672 0.13684895833333321
1 0.6258246527777778 0.564087818287037 0.09166666666666679 0.12484085648148158
4 0.6771701388888888 0.538670066550926 0.0969618055555556 0.14055266203703698
24 0.8720052083333334 0.45723198784722224 0.1923177083333331 0.08760489004629635
27 0.4636935763888889 0.8307020399305556 0.11458333333333333 0.06833405671296289
27 0.5533637152777778 0.8015064380787037 0.11883680555555554 0.07963686342592591
26 0.609375 0.7591362847222223 0.07274305555555556 0.06545500578703711
18 0.6543836805555555 0.7282172309027778 0.08246527777777783 0.06518373842592595
10 0.8452690972222222 0.591380931712963 0.16861979166666666 0.09146412037037033
12 0.5504991319444444 0.9264395254629629 0.08945312500000006 0.070699508101852
14 0.5927517361111111 0.882788990162037 0.08181423611111101 0.07247902199074074
15 0.6446397569444444 0.8488552517361111 0.07825520833333337 0.05436921296296293
11 0.6895399305555555 0.8020959924768518 0.0888020833333331 0.07068504050925917
13 0.7392144097222223 0.7688440393518519 0.07252604166666643 0.06301359953703711
16 0.7772569444444445 0.7363082320601853 0.07048611111111096 0.054683883101851904
21 0.3813990208333333 0.5626821352539062 0.13496481640625 0.2774431533203125 0.02873025846354167 0.3232154072265625 0.038308194010416664 0.430967181640625 0.15308644661458334 0.6494829086914062 0.3813990208333333 0.5626821352539062
20 0.12176427473958333 0.24188067138671876 0.35166999153645834 0.5304652534179688 0.498270990234375 0.45670193115234375 0.30145705533854167 0.20448438525390625 0.12176427473958333 0.24188067138671876
19 0.33241420377604164 0.21390928515625 0.48430927278645836 0.430493876953125 0.5633531302083333 0.3727729853515625 0.4804788385416667 0.15296071435546876 0.33241420377604164 0.21390928515625
41 0.4728284837239583 0.11372441943359375 0.5592642819010417 0.3613532197265625 0.6789230364583334 0.30730805908203124 0.6189280286458333 0.0731314677734375 0.4728284837239583 0.11372441943359375
22 0.6992319895833333 0.32254003955078125 0.7825372630208333 0.2519717255859375 0.6331167369791667 0.128966755859375 0.6992319895833333 0.32254003955078125
43 0.6897154055989584 0.1012049267578125 0.7988725559895834 0.26130319482421877 0.8599996803385417 0.2129945859375 0.7623952962239583 0.06021918212890625 0.6897154055989584 0.1012049267578125
25 0.6935147916666667 0.48267215234375 0.71663868359375 0.5787783891601562 0.7996704661458334 0.5422383657226563 0.77846211328125 0.43580538623046877 0.6935147916666667 0.48267215234375
17 0.6599778157552083 0.66823785546875 0.6976792936197916 0.743738259765625 0.8178960032552083 0.6528344384765625 0.7685011595052084 0.5965902709960937 0.6599778157552083 0.66823785546875
33 0.92974621484375 0.617707654296875 0.8137333769531251 0.710197083984375 0.8219608658854166 0.7307701674804687 0.927190361328125 0.63864092578125 0.92974621484375 0.617707654296875