21 0.12183406494140625 0.07685426171875 0.142122822265625 0.400545142578125 0.239711103515625 0.40655881640624997 0.27812451318359377 0.10918277994791666 0.12183406494140625 0.07685426171875
20 0.283746755859375 0.12297272135416666 0.24741375048828124 0.40274905273437495 0.35732461279296873 0.41446350520833336 0.3895663037109375 0.14277594791666667 0.283746755859375 0.12297272135416666
19 0.3981772309570312 0.15333375455729167 0.366608859375 0.4179028587239583 0.4617555888671875 0.42740922981770835 0.4883977465820312 0.16803591276041666 0.3981772309570312 0.15333375455729167
41 0.49689708447265624 0.16383321028645834 0.4659674379882813 0.4219044147135416 0.5441237612304688 0.4323643665364583 0.5923017475585938 0.18892793880208333 0.49689708447265624 0.16383321028645834
22 0.6089287290039063 0.174653810546875 0.5454349189453125 0.4269862018229167 0.6574241181640625 0.43937218359375 0.6918500825195313 0.19180536002604165 0.6089287290039063 0.174653810546875
43 0.6855734750976562 0.26579815299479165 0.6527451049804688 0.4349848502604166 0.7068111333007813 0.4426247688802083 0.74454892578125 0.26821037955729166 0.6855734750976562 0.26579815299479165
9 0.15080295138888888 0.6111665702160494 0.07740885416666665 0.20441743827160508
9 0.2315013744212963 0.6156708140432099 0.07777416087962963 0.19338348765432092
3 0.29425998263888886 0.6100308641975308 0.05887586805555545 0.2050877700617284
2 0.34650245949074077 0.6067443094135803 0.05891203703703707 0.20834297839506175
1 0.3933973524305555 0.6236689814814814 0.04482060185185177 0.16963734567901234
4 0.44293800636574077 0.6000771604938272 0.05460431134259269 0.21585165895061742
25 0.5008499710648149 0.6354311342592593 0.08182146990740735 0.1624373070987654
24 0.5934913917824074 0.6628544560185184 0.11003689236111103 0.11104359567901234
27 0.13488498263888887 0.8581717785493828 0.07039930555555551 0.18831983024691348
27 0.20528247974537037 0.8676167052469136 0.06503182870370372 0.14436246141975317
26 0.2625795717592593 0.8704861111111111 0.045305266203703676 0.12543402777777798
18 0.3310818142361111 0.8748577353395062 0.051012731481481444 0.1121672453703703
17 0.41871744791666665 0.8697747878086419 0.11299551504629624 0.11385030864197532
10 0.5327238859953703 0.8625434027777777 0.11438078703703702 0.10679012345679013