39 0.204063060546875 0.9956399069010416 0.2004226767578125 0.9607042955729167 0.10122621435546875 0.9586655182291667 0.10828422216796875 0.997531833984375 0.204063060546875 0.9956399069010416
40 0.3161988876953125 0.9934248782552083 0.3124992998046875 0.9419147135416667 0.2165408173828125 0.953606845703125 0.221710599609375 0.9952913131510416 0.3161988876953125 0.9934248782552083
37 0.42428008740234374 0.9912899407552084 0.4209209643554688 0.9018161634114583 0.3226945673828125 0.9129628209635418 0.32651329833984377 0.9932211367187499 0.42428008740234374 0.9912899407552084
38 0.5801963950195312 0.8919578977864583 0.42718616357421874 0.9120309960937499 0.42785562646484376 0.9912193125000001 0.48987898681640624 0.98999416015625 0.5741427822265625 0.9844106139322917 0.5801963950195312 0.8919578977864583
34 0.426196896484375 0.6985998756510416 0.42666358056640624 0.8424972682291667 0.6131603149414062 0.816457453125 0.6250612172851563 0.6955442265624999 0.426196896484375 0.6985998756510416
36 0.30537756689453127 0.7192783092447916 0.309561611328125 0.8447188313802084 0.42277102978515624 0.838348984375 0.421690576171875 0.7067011555989583 0.30537756689453127 0.7192783092447916
35 0.1847976513671875 0.7406743111979166 0.201480298828125 0.869245658203125 0.308017763671875 0.8536057962239583 0.2977410908203125 0.7248859602864584 0.1847976513671875 0.7406743111979166
23 0.080033177734375 0.7076291666666666 0.0944800546875 0.8744805514322916 0.19847716015625 0.8661979173177082 0.18015017626953125 0.6962696438802083 0.080033177734375 0.7076291666666666
42 0.0894730595703125 0.5053678359375 0.10318109912109374 0.643158931640625 0.14239584814453124 0.6347402604166666 0.12511112451171874 0.501151130859375 0.0894730595703125 0.5053678359375
32 0.13710210400390624 0.4760944635416667 0.14703355615234376 0.6365202122395833 0.2376402666015625 0.629356888671875 0.2274287001953125 0.470949373046875 0.13710210400390624 0.4760944635416667
31 0.2322951533203125 0.43640610872395835 0.2411198857421875 0.6279668424479167 0.3287054638671875 0.614278537109375 0.3211970263671875 0.42902324609375 0.2322951533203125 0.43640610872395835
31 0.3280306142578125 0.426237595703125 0.3336556552734375 0.619052162109375 0.402692583984375 0.6130864134114583 0.41091892822265624 0.41704861263020837 0.3280306142578125 0.426237595703125
28 0.4089793100585937 0.5084976061197917 0.410854771484375 0.6185749830729167 0.4643920634765625 0.6115486927083333 0.4633519296875 0.5023923326822917 0.4089793100585937 0.5084976061197917
29 0.4676485732421875 0.4997420657552083 0.46703296044921877 0.612997234375 0.520900609375 0.6040938229166667 0.5238785595703125 0.4965264440104167 0.4676485732421875 0.4997420657552083
30 0.5299648481445313 0.4900494420572917 0.5257170893554688 0.613746578125 0.592620486328125 0.6030519329427083 0.5887910224609375 0.4933846477864583 0.5299648481445313 0.4900494420572917
6 0.4575531176757813 0.18016568033854166 0.45023914697265627 0.36629869661458336 0.6173926240234375 0.35591841145833336 0.6197362075195313 0.16351748567708332 0.4575531176757813 0.18016568033854166
6 0.30836231396484376 0.11598831315104167 0.317882986328125 0.3881904440104167 0.4385944111328125 0.362335552734375 0.43936471240234376 0.11441400716145833 0.30836231396484376 0.11598831315104167
7 0.25694416259765623 0.14582180078124998 0.26691372998046875 0.3919102272135417 0.31646410302734373 0.386539626953125 0.30798930419921877 0.13641627408854165 0.25694416259765623 0.14582180078124998
7 0.20448486669921875 0.14860247330729168 0.2167167119140625 0.3945406634114583 0.265060662109375 0.39040948242187495 0.2523213408203125 0.14938113932291666 0.20448486669921875 0.14860247330729168
8 0.13056668896484375 0.11907674934895833 0.15412428271484374 0.4022648059895833 0.21444273828125 0.39455748046875 0.19141692333984375 0.11507935416666666 0.13056668896484375 0.11907674934895833
8 0.06708405078125 0.12298580794270834 0.0942172763671875 0.39956938932291663 0.1535665478515625 0.40018112109375004 0.123603287109375 0.119049318359375 0.06708405078125 0.12298580794270834
5 0 0.12179757942708334 0.03261728515625 0.415012271484375 0.09323059228515625 0.4050880846354166 0.05845138134765625 0.08383017252604168 0 0.08941641015625 0 0.12179757942708334
0 0.0579209697265625 0.5519272578125 0.06618711328125 0.65519776171875 0.0990068916015625 0.647457341796875 0.079977560546875 0.549928626953125 0.0579209697265625 0.5519272578125