8 0.1689453125 0.23307291666666666 0.06103515625 0.2864583333333333
8 0.23046875 0.23763020833333334 0.05615234375 0.29296875
7 0.28759765625 0.2526041666666667 0.0546875 0.2532552083333333
7 0.3408203125 0.2545572916666667 0.05224609375 0.2571614583333333
6 0.4365234375 0.244140625 0.13232421875 0.2779947916666667
6 0.5947265625 0.2819010416666667 0.17822265625 0.19921875
0 0.1240234375 0.56640625 0.03173828125 0.103515625
42 0.16259765625 0.5436197916666666 0.0439453125 0.14583333333333334
32 0.23046875 0.5286458333333334 0.0888671875 0.17447916666666666
31 0.322265625 0.5201822916666666 0.0947265625 0.1953125
31 0.41357421875 0.5188802083333334 0.0791015625 0.201171875
28 0.482421875 0.5787760416666666 0.0556640625 0.11002604166666667
29 0.5400390625 0.5794270833333334 0.05419921875 0.10872395833333333
30 0.6123046875 0.5859375 0.05615234375 0.111328125
23 0.1748046875 0.75390625 0.1005859375 0.181640625
35 0.2822265625 0.7858072916666666 0.11181640625 0.12369791666666667
36 0.39892578125 0.7890625 0.11474609375 0.123046875
34 0.56201171875 0.794921875 0.1982421875 0.13216145833333334
39 0.187744140625 0.9674479166666666 0.10009765625 0.06510416666666667
40 0.29248046875 0.9694010416666666 0.099609375 0.061197916666666664
37 0.402587890625 0.9560546875 0.10107421875 0.087890625
38 0.5322265625 0.9713541666666666 0.1484375 0.057291666666666664
5 0.10546875 0.2109375 0.07470703125 0.3268229166666667