8 0.15146122685185184 0.29540412808641975 0.08463903356481484 0.30181809413580246
8 0.21296296296296297 0.29757426697530864 0.08027705439814814 0.3072434413580247
7 0.2708622685185185 0.3101249035493827 0.0756618923611111 0.2670958719135803
7 0.3240541811342592 0.30984760802469136 0.0737268518518519 0.2701581790123457
6 0.41816044560185184 0.29539207175925924 0.15495876736111114 0.31006462191358025
6 0.5786476417824075 0.32685908564814814 0.19410807291666665 0.2417052469135803
0 0.13478370949074076 0.6314621913580246 0.04014756944444442 0.111328125
42 0.17124927662037037 0.6070842978395062 0.05601490162037037 0.15649112654320993
32 0.23727575231481482 0.5892047646604939 0.10308521412037036 0.19627700617283952
31 0.327734375 0.5769917052469137 0.11052879050925934 0.21848476080246915
31 0.41847692418981486 0.5719642168209876 0.09541015625000004 0.22024498456790123
28 0.49199580439814816 0.6290027006172839 0.06461588541666674 0.12350501543209876
29 0.5493290653935186 0.6275077160493827 0.06314380787037033 0.12205825617283954
30 0.6215729890046297 0.6307388117283951 0.06511140046296293 0.12485532407407411
23 0.20096571180555556 0.8172622492283951 0.11533926504629632 0.20594618055555536
35 0.3104329427083333 0.8446662808641975 0.12186414930555556 0.15063175154320993
36 0.42657154224537036 0.8431230709876543 0.12430555555555556 0.15087287808641983
34 0.5890751591435185 0.8422550154320988 0.20840205439814818 0.17934992283950604
39 0.23154296875 0.9929591049382717 0.10466579861111108 0.014081790123456747
40 0.3357620804398148 0.9929108796296297 0.10423538773148144 0.014178240740740774
37 0.444287109375 0.9770326967592592 0.1078884548611111 0.045934606481481545
38 0.574195240162037 0.9868947723765432 0.15275969328703698 0.026210455246913494
5 0.08644748263888889 0.2759693287037037 0.10196035879629631 0.3451726466049383