21 0.0516158232421875 0.3980396822916667 0.1245545634765625 0.39882440494791666 0.14867137890625 0.16889318815104168 0.06396825390625 0.15705324088541667 0.0516158232421875 0.3980396822916667
20 0.15220064501953126 0.27561904752604166 0.130436755859375 0.40588723567708335 0.213375 0.4231517858072917 0.2151396328125 0.185373015625 0.24219742041015624 0.17595601822916665 0.1492594248046875 0.16979794986979166 0.15220064501953126 0.27561904752604166
19 0.22337450390625 0.28189715625 0.2157276787109375 0.42472123046875 0.2839608134765625 0.4419857805989584 0.30925396826171875 0.19165112434895834 0.217639384765625 0.18842493359375 0.22337450390625 0.28189715625
41 0.29160739111328127 0.43727711653645834 0.38454538671875 0.455326388671875 0.41395610107421876 0.19949867708333333 0.30513640869140624 0.1783101848958333 0.29160739111328127 0.43727711653645834
22 0.4233675595703125 0.28346660026041665 0.39395684521484375 0.4545416666666667 0.497482638671875 0.4733756614583333 0.5010119047851562 0.33055158723958333 0.5410106645507813 0.20420701041666667 0.4168973212890625 0.19136574088541666 0.4233675595703125 0.28346660026041665
43 0.5127762895507813 0.471806216796875 0.5780682045898438 0.48279265885416667 0.600420138671875 0.28817493359375 0.5198348212890626 0.2746964283854167 0.5127762895507813 0.471806216796875
9 0.072203373046875 0.6396266536458334 0.102202380859375 0.6435505950520833 0.1027904267578125 0.53211640234375 0.05867435498046875 0.5242688489583334 0.072203373046875 0.6396266536458334
9 0.1245545634765625 0.65767592578125 0.15396527783203126 0.6592453704427084 0.1551416171875 0.55095006640625 0.1095550595703125 0.5384126985677083 0.1245545634765625 0.65767592578125
3 0.16690401806640626 0.6730935846354167 0.19337053564453124 0.6810383600260416 0.19535565478515626 0.5380353834635417 0.161280009765625 0.531755291015625 0.16690401806640626 0.6730935846354167
2 0.20197222216796876 0.6819209654947916 0.23439360107421875 0.6942794309895833 0.23968700390625 0.5556901451822917 0.196017361328125 0.5383720240885417 0.20197222216796876 0.6819209654947916
1 0.24101016845703124 0.6933964947916667 0.2734317954101563 0.7075205026041668 0.2734317954101563 0.5839375 0.2406793154296875 0.5758660716145834 0.24101016845703124 0.6933964947916667
4 0.2774017856445313 0.7057549602864582 0.31445461328125 0.7189960319010417 0.3171014384765625 0.5936474869791667 0.2770709326171875 0.5769689153645833 0.2774017856445313 0.7057549602864582
25 0.3323194443359375 0.7181130950520833 0.39120734130859375 0.7392989420572916 0.40245560498046873 0.6113022486979166 0.3275225693359375 0.5913048938802083 0.3323194443359375 0.7181130950520833
24 0.39253075390625 0.7490089283854168 0.5361113588867188 0.7922628971354166 0.5466979165039062 0.692513888671875 0.4143655751953125 0.6541626985677084 0.39253075390625 0.7490089283854168
27 0.0822115576171875 0.8390479498697917 0.11397122998046876 0.8540542330729166 0.10470808544921875 0.7057549602864582 0.0686473212890625 0.6949652779947916 0.0822115576171875 0.8390479498697917
27 0.12455778759765625 0.853171626953125 0.1602874501953125 0.8690608463541666 0.155656001953125 0.7578363092447917 0.1174449404296875 0.7412817460937501 0.12455778759765625 0.853171626953125
26 0.17881398828125 0.877005291015625 0.205280505859375 0.8840674602864583 0.19734052587890624 0.7984421295572917 0.17451314501953125 0.7931117727864584 0.17881398828125 0.877005291015625
18 0.218513888671875 0.8964255950520833 0.25093526806640626 0.911432208984375 0.25093526806640626 0.8231587304687501 0.22000247998046876 0.809653439453125 0.218513888671875 0.8964255950520833
17 0.373342509765625 0.961748015625 0.39253075390625 0.8664126985677084 0.3362896826171875 0.8717089947916666 0.296920634765625 0.8250919309895833 0.2674766865234375 0.908784060546875 0.373342509765625 0.961748015625
10 0.5147261274414062 1 0.5202313989257813 0.9052529759114584 0.4520803569335938 0.908784060546875 0.4077490078125 0.8681001985677083 0.3773125 0.96527876953125 0.4652021533203125 1 0.5147261274414062 1
12 0.1374075654296875 1 0.13779117041015626 0.9882301588541668 0.11132465283203125 0.9979401451822917 0.097594990234375 0.9772741399739583 0.0968457119140625 1 0.1374075654296875 1
14 0.17592234521484376 1 0.17219742041015626 0.9776372356770833 0.13894890869140625 0.978376984375 0.14019834130859374 1 0.17592234521484376 1