27 0.12423495751953124 0.7829069967447917 0.1006939384765625 0.9577360677083333 0.162178890625 0.9702558294270833 0.1853683310546875 0.7940182376302083 0.12423495751953124 0.7829069967447917
27 0.24484894287109374 0.8446198105468751 0.19289555615234374 0.8332147539062501 0.1735074716796875 0.9647054941406249 0.229924216796875 0.973808283203125 0.24484894287109374 0.8446198105468751
26 0.2555054458007813 0.8622493782552083 0.2359252763671875 0.9675326966145833 0.277499173828125 0.9885060735677084 0.29122311474609375 0.8761074583333334 0.2555054458007813 0.8622493782552083
18 0.3276500048828125 0.882829361328125 0.30183844921875 0.9858082649739583 0.3410468623046875 0.9968497480468751 0.36398313720703124 0.8965730950520833 0.3276500048828125 0.882829361328125
17 0.47137021728515627 1 0.47062592578125 0.914397884765625 0.3772012314453125 0.8922170143229167 0.36490378173828125 0.9948503255208333 0.40275279443359374 1 0.47137021728515627 1
17 0.582393560546875 1 0.5664033720703125 0.9293030058593751 0.48353259521484376 0.9135496276041667 0.48088752783203126 1 0.582393560546875 1
9 0.149480078125 0.5395501106770834 0.13188613916015626 0.7223658483072916 0.19898995361328126 0.7387596002604168 0.2204611279296875 0.5588055651041667 0.149480078125 0.5395501106770834
9 0.2381255654296875 0.5574247688802083 0.2130554091796875 0.7349663072916667 0.276258564453125 0.7512031640625 0.29924952783203124 0.5727143899739583 0.2381255654296875 0.5574247688802083
3 0.3110597709960938 0.5633261054687501 0.28015242529296874 0.7581950670572916 0.324584474609375 0.7710385846354167 0.35836013037109377 0.5797077760416667 0.3110597709960938 0.5633261054687501
2 0.4131107080078125 0.5845554335937501 0.3652618916015625 0.569697587890625 0.3285047436523437 0.7648158880208333 0.3769433427734375 0.7791696588541667 0.4131107080078125 0.5845554335937501
1 0.4432435825195313 0.6165608548177083 0.40638052978515626 0.6084539095052083 0.3747068779296875 0.780837427734375 0.42083178076171873 0.7847212096354167 0.4432435825195313 0.6165608548177083
4 0.5022173588867187 0.5904686647135416 0.4525109375 0.57572249609375 0.415418193359375 0.7762633932291667 0.45969478271484376 0.7907221738281249 0.5022173588867187 0.5904686647135416
25 0.49333246728515623 0.6499255299479166 0.463001953125 0.78655631640625 0.5260926665039063 0.8082748815104166 0.560453171875 0.6798844283854167 0.49333246728515623 0.6499255299479166
24 0.5518113017578125 0.7283568463541666 0.5417981279296875 0.8219513795572917 0.6506515078125 0.82543177734375 0.634396193359375 0.7311950729166666 0.5518113017578125 0.7283568463541666
21 0.1876701279296875 0.11010930208333335 0.15424506689453124 0.4056403001302083 0.26516106494140623 0.44376909114583335 0.31396324658203123 0.17395556184895833 0.1876701279296875 0.11010930208333335
20 0.32825283642578124 0.18508968880208332 0.29064138134765627 0.4421584134114583 0.38762953271484374 0.4912749075520833 0.4206998447265625 0.22099948111979165 0.32825283642578124 0.18508968880208332
19 0.422926892578125 0.242369845703125 0.3954436318359375 0.4920444407552083 0.4775039594726562 0.5194071998697917 0.5312696494140625 0.2799789166666667 0.422926892578125 0.242369845703125
41 0.5713084057617187 0.5498423085937499 0.6149671401367187 0.3180923274739583 0.5264617651367187 0.28679995052083335 0.4815552236328125 0.5118234407552084 0.5713084057617187 0.5498423085937499
22 0.6155128676757813 0.317755638671875 0.5664445625 0.5428841979166666 0.665497140625 0.5748668144531249 0.7126313442382812 0.3525804231770833 0.6155128676757813 0.317755638671875
43 0.7015836791992187 0.41482536393229164 0.6631419052734375 0.5715483372395833 0.7100861586914062 0.5971127005208333 0.755862576171875 0.43840346679687503 0.7015836791992187 0.41482536393229164