5 0.00460801025390625 0.12430793033854166 0.048058490234375 0.4172610826822916 0.08961807666015625 0.41643135221354166 0.04922786572265625 0.116988568359375 0.00460801025390625 0.12430793033854166
8 0.0939441982421875 0.152881654296875 0.0570950009765625 0.15486565625 0.09257017529296875 0.41655418489583335 0.1323710986328125 0.41750913802083334 0.0939441982421875 0.152881654296875
8 0.13468831005859375 0.14392896549479167 0.08659606689453125 0.147363302734375 0.1298582802734375 0.42046053385416665 0.17110366259765625 0.42105627083333336 0.13468831005859375 0.14392896549479167
7 0.17291584765625 0.16890633854166667 0.129220509765625 0.16928783919270832 0.1750186162109375 0.422816591796875 0.20830827001953126 0.4210242395833333 0.17291584765625 0.16890633854166667
7 0.21893639208984375 0.15741667838541668 0.1728956806640625 0.16299344140625 0.20891477294921876 0.42634267903645834 0.257970515625 0.42173002343750005 0.21893639208984375 0.15741667838541668
6 0.2221381455078125 0.14426598893229167 0.2610997822265625 0.4294469615885417 0.34633493798828124 0.41950704296874997 0.32388543798828123 0.13515059505208335 0.2221381455078125 0.14426598893229167
6 0.34382024072265627 0.20696639973958333 0.3543839541015625 0.4452403684895833 0.5442173046875 0.4510718125 0.5331758852539062 0.18440664322916667 0.34382024072265627 0.20696639973958333
0 0.101663494140625 0.537972158203125 0.11108046142578125 0.6280504029947916 0.137669912109375 0.6294352317708333 0.1211000751953125 0.5368284270833333 0.101663494140625 0.537972158203125
42 0.1407246845703125 0.6304569407552083 0.16503400732421875 0.6327494596354167 0.1440304404296875 0.500391044921875 0.11752461328125 0.5001284869791667 0.1407246845703125 0.6304569407552083
32 0.21295561376953126 0.4916110501302083 0.14124812451171875 0.4827988990885417 0.1684671611328125 0.6365071588541666 0.22958035595703125 0.6470161595052083 0.21295561376953126 0.4916110501302083
31 0.2127837744140625 0.4631595703125 0.232621630859375 0.6510770664062501 0.296622025390625 0.6777646790364583 0.2683425078125 0.4675073522135416 0.2127837744140625 0.4631595703125
31 0.28185964404296876 0.46746360416666666 0.303583966796875 0.6737287408854167 0.3567403637695313 0.6902986822916667 0.3477229267578125 0.4790042630208333 0.28185964404296876 0.46746360416666666
28 0.35160389453125 0.5818690026041666 0.36098792431640625 0.710628373046875 0.42042615625 0.7212275553385417 0.411105931640625 0.5848611048177084 0.35160389453125 0.5818690026041666
29 0.4127067666015625 0.596321435546875 0.4242707861328125 0.7279358561197916 0.47836758349609376 0.735568759765625 0.47516124951171873 0.5966199153645834 0.4127067666015625 0.596321435546875
30 0.47652859619140625 0.6062441790364583 0.480969892578125 0.7476611901041667 0.5506232895507812 0.774044439453125 0.5484667153320313 0.6125092532552083 0.47652859619140625 0.6062441790364583
34 0.5806962465820312 1 0.5784854848632812 0.9081729524739584 0.391258470703125 0.8216569752604167 0.4018026684570313 0.9512586178385417 0.494690126953125 1 0.5806962465820312 1
36 0.37135663720703127 0.8135493763020833 0.28279143212890623 0.7826009420572917 0.2997135190429687 0.905321916015625 0.38833396533203124 0.9436386972656251 0.37135663720703127 0.8135493763020833
35 0.19507848291015625 0.7509939485677083 0.2165147470703125 0.8603126901041667 0.28180114794921873 0.8936133763020834 0.25974881298828123 0.7782090442708333 0.19507848291015625 0.7509939485677083
23 0.139427412109375 0.6785349596354168 0.14599930810546874 0.8239938717447917 0.19945163916015626 0.8549782102864584 0.20273807763671875 0.6959660703125 0.139427412109375 0.6785349596354168
39 0.2341570390625 1 0.21855260498046875 0.936415984375 0.16373244677734375 0.90960382421875 0.1849831201171875 1 0.2341570390625 1
40 0.30704295458984376 1 0.30405165185546873 0.980797880859375 0.23905372607421874 0.94693072265625 0.24845316748046875 1 0.30704295458984376 1
37 0.3720083251953125 1 0.31789554931640623 0.9722447513020834 0.32069983837890625 1 0.3720083251953125 1