5 0.1171875 0.228515625 0.07861328125 0.35546875
8 0.19482421875 0.25390625 0.06884765625 0.298828125
8 0.231796130859375 0.4058118385416667 0.29149776806640626 0.40641534375 0.281999751953125 0.15305687825520833 0.26209920654296875 0.106004298828125 0.23462301611328126 0.10794543619791667 0.2191321923828125 0.180202380859375 0.231796130859375 0.4058118385416667
7 0.28471354150390626 0.18140873046874997 0.29195014892578125 0.4003829361979167 0.340344494140625 0.39977976171875 0.33898784716796876 0.20614120377604164 0.32134871044921876 0.14219841276041667 0.29624677587890624 0.14186673307291667 0.28471354150390626 0.18140873046874997
7 0.33853546630859377 0.18080555533854167 0.339892361328125 0.3973667330729167 0.38828695458984375 0.3967635579427083 0.39009598193359374 0.20071230143229168 0.375170634765625 0.14159523828125 0.35334771826171874 0.14111309505208333 0.33853546630859377 0.18080555533854167
6 0.3873821923828125 0.18744113736979165 0.38828695458984375 0.39977976171875 0.4791961806640625 0.38650859765624995 0.48145758935546873 0.18563128320312502 0.47037648828125 0.1313134921875 0.3964280751953125 0.13194345247395833 0.3873821923828125 0.18744113736979165
6 0.48428447412109377 0.24414517187499998 0.4888072915039062 0.3895248014322917 0.645750248046875 0.38228571419270835 0.6511775795898438 0.20372850520833333 0.5003405258789062 0.20367923307291666 0.48428447412109377 0.24414517187499998
0 0.11454117041015625 0.6771970898437499 0.1579605654296875 0.66392592578125 0.145296626953125 0.5836957669270834 0.137155505859375 0.5547407408854167 0.1163504462890625 0.5565502643229167 0.11454117041015625 0.6771970898437499
42 0.15253323388671874 0.504068783203125 0.15479464306640625 0.5342304895833333 0.14620114111328125 0.5788700397135417 0.15479464306640625 0.659703373046875 0.19640476171875 0.6560839947916667 0.18871602197265624 0.5613759921875 0.17695659716796874 0.5052027115885417 0.15253323388671874 0.504068783203125
32 0.1905250498046875 0.5595664680989584 0.20228447412109374 0.6524646165364584 0.287314236328125 0.6416064817708333 0.287314236328125 0.6229060846354166 0.29002777783203126 0.4739070768229167 0.19391716259765626 0.46901984114583334 0.1905250498046875 0.5595664680989584
31 0.29002777783203126 0.4660651451822917 0.2940984624023438 0.633161044921875 0.380937251953125 0.626525462890625 0.38184176611328124 0.4353002643229167 0.27928621044921875 0.43886739388020835 0.29002777783203126 0.4660651451822917
31 0.41943359375 0.5221354166666666 0.0693359375 0.19010416666666666
28 0.4814453125 0.560546875 0.06005859375 0.11783854166666667
29 0.5322265625 0.5540364583333334 0.052734375 0.11067708333333333
30 0.5849609375 0.5475260416666666 0.0556640625 0.111328125
23 0.1214384921875 0.7273306881510417 0.14857564501953124 0.8383260579427083 0.13636408740234374 0.9149368385416666 0.25441046630859376 0.8888912037760416 0.22953472216796875 0.7068207669270833 0.1214384921875 0.7273306881510417
35 0.256671875 0.8877913359375 0.35934052587890625 0.8618521822916666 0.35798387890625 0.7231081347656251 0.2397110615234375 0.7471752643229167 0.256671875 0.8877913359375
36 0.35934052587890625 0.858835978515625 0.46427083349609377 0.8359130292968749 0.466984375 0.7001851848958333 0.36069742041015623 0.7230532408854167 0.35934052587890625 0.858835978515625
34 0.6377222221679687 0.6670291002604167 0.46540153759765623 0.6947777779947916 0.46359226171875 0.8274894179687501 0.6169171625976563 0.803360119140625 0.6337646328125 0.67104034375 0.6377222221679687 0.6670291002604167
40 0.369260154296875 1 0.3663509423828125 0.9288429231770833 0.26130778759765627 0.9639166666666666 0.2634507021484375 1 0.369260154296875 1
37 0.46350670654296877 1 0.4613308530273437 0.8851220240885417 0.36216741064453123 0.9204837962239583 0.36616107421875 1 0.46350670654296877 1
38 0.5365422397460937 1 0.586048611328125 0.9820135579427083 0.5928328374023437 0.8733630950520833 0.45895634912109373 0.9072123014322916 0.4596521865234375 1 0.5365422397460937 1