21 0.05695529513888889 0.4104190779320988 0.11391059027777778 0.28082079475308647
20 0.14329969618055555 0.4065224729938272 0.10795355902777781 0.27343267746913585
19 0.21672092013888888 0.41550925925925924 0.10431857638888886 0.26017554012345673
41 0.3067654079861111 0.39501109182098765 0.11994357638888886 0.29051890432098776
22 0.426513671875 0.38145495756172837 0.14238281249999996 0.3200327932098766
43 0.5186143663194445 0.41356819058641975 0.09888237847222214 0.22663483796296294
9 0.08651801215277777 0.7043764467592593 0.07947048611111113 0.1739197530864199
9 0.13927951388888887 0.706394675925926 0.07227647569444445 0.18122588734567913
3 0.184130859375 0.6990668402777778 0.06119791666666663 0.18956404320987671
2 0.22275390625000002 0.698804012345679 0.07072482638888888 0.20517939814814815
1 0.2652398003472222 0.7160807291666668 0.06586371527777779 0.17688078703703702
4 0.3061252170138889 0.6973982445987654 0.08275824652777775 0.22486979166666674
25 0.37357313368055556 0.7274811921296296 0.0956705729166667 0.18024209104938294
24 0.5632119057617188 0.8147269759114583 0.5591562939453125 0.7127655110677084 0.42790193701171875 0.7154492220052083 0.4150218569335937 0.80518873828125 0.5632119057617188 0.8147269759114583
27 0.1633372724609375 0.9755561809895833 0.1307614609375 0.83135488671875 0.092776935546875 0.8268441295572916 0.127410650390625 0.9702952727864583 0.1633372724609375 0.9755561809895833
27 0.17748480902777777 0.9218460648148148 0.06820746527777777 0.14192708333333334
26 0.23194986979166668 0.9389732831790124 0.05356987847222222 0.11230227623456794
18 0.2790961371527778 0.9490535783179013 0.05457899305555558 0.10189284336419746
17 0.430217453125 1 0.43260019677734374 0.9359081647135418 0.33411978662109376 0.9040598450520833 0.3186054306640625 0.996703783203125 0.331004232421875 1 0.430217453125 1
10 0.57135994140625 1 0.5653543520507812 0.9333442194010417 0.44890450048828123 0.9230322350260417 0.4389356884765625 1 0.57135994140625 1