21 0.09389105902777778 0.2566020447530864 0.08369140624999999 0.24687982253086416
20 0.18260091145833335 0.2755859375 0.07587890625000004 0.24680266203703702
19 0.25519205729166666 0.29440345293209874 0.07684461805555554 0.24616126543209882
41 0.3464029947916667 0.30229311342592596 0.08957248263888884 0.2775318287037037
22 0.42245872998046874 0.180864189453125 0.39214133740234375 0.43472332421875 0.5085071767578125 0.4687506868489583 0.5274731586914062 0.18558033333333335 0.42245872998046874 0.180864189453125
43 0.5559244791666667 0.3764081790123457 0.07154947916666665 0.22137345679012346
9 0.07994249131944445 0.547803337191358 0.053439670138888895 0.16000675154320998
9 0.13153211805555554 0.5665027006172839 0.056456163194444464 0.16524402006172836
3 0.17687717013888887 0.5767988040123457 0.039474826388888884 0.17158564814814822
2 0.21517469618055557 0.5891179591049382 0.04166666666666663 0.18592785493827155
1 0.2541178385416667 0.6108723958333333 0.046354166666666696 0.17425733024691356
4 0.29572482638888886 0.6019965277777778 0.053417968750000044 0.2172887731481481
25 0.36142035590277777 0.6466025270061729 0.07698567708333326 0.16674864969135803
24 0.4165947587890625 0.6480005989583334 0.38705060009765624 0.7362627076822917 0.5320495014648438 0.7816782506510417 0.5437063286132813 0.68535174609375 0.4165947587890625 0.6480005989583334
27 0.067491189453125 0.6723532506510416 0.08356350830078126 0.8187096673177083 0.1146536328125 0.83521171484375 0.1040802607421875 0.6881170540364584 0.067491189453125 0.6723532506510416
27 0.1158717607421875 0.72452937890625 0.1212785537109375 0.8372988014322917 0.16003253125 0.8552672890625 0.15522684326171876 0.73659729296875 0.1158717607421875 0.72452937890625
26 0.18778754340277776 0.8211974344135803 0.03636067708333335 0.10190489969135808
18 0.23284505208333334 0.8435426311728396 0.040386284722222165 0.10910493827160472
17 0.294830138671875 0.8128143385416666 0.264231263671875 0.897438916015625 0.3692198544921875 0.9479744700520834 0.3889578227539062 0.8565638873697917 0.294830138671875 0.8128143385416666
10 0.4764647529296875 0.993892671875 0.5019582944335937 0.9948271634114584 0.511557361328125 0.9004860729166667 0.4061005029296875 0.8600123717447916 0.3743931098632812 0.948213703125 0.4764647529296875 0.993892671875
12 0.115576171875 0.9570240162037037 0.04379340277777777 0.04990354938271609
14 0.15726453993055556 0.9530309606481481 0.041048177083333304 0.060942322530864367
15 0.19542643229166667 0.9718629436728395 0.035080295138888884 0.025081983024691407
13 0.2823947482638889 0.9742597415123457 0.04097222222222219 0.027092978395061824