5 0.17603718115234376 0.010431832682291668 0.1570923408203125 0.05970005859375 0.13409267626953125 0.32462772200520834 0.19747222314453125 0.343015037109375 0.214502533203125 0.066655501953125 0.2063559951171875 0.012228503255208334 0.17603718115234376 0.010431832682291668
8 0.26114921875 0.35902906445312505 0.28059151611328126 0.14466987369791667 0.26728732275390626 0.06622402799479167 0.24432962158203125 0.055633253906250006 0.21988688916015625 0.10492172135416666 0.20239191162109374 0.34066633723958334 0.26114921875 0.35902906445312505
8 0.320503853515625 0.38000734635416666 0.34382558447265626 0.17160652083333336 0.3297720927734375 0.084369078125 0.30845745263671875 0.07912746744791667 0.27925093359375 0.14798763997395833 0.26472807958984373 0.3599980631510417 0.320503853515625 0.38000734635416666
7 0.37195118310546876 0.39025629231770836 0.39678095947265624 0.22152597395833332 0.3849659912109375 0.13857536067708334 0.3675680078125 0.13345164322916667 0.3442745546875 0.1754088190104167 0.3248259697265625 0.37504302604166667 0.37195118310546876 0.39025629231770836
7 0.4193736005859375 0.4030962044270833 0.4492717080078125 0.23083018424479165 0.4440202578125 0.15456466796874999 0.4212538603515625 0.14798741927083334 0.3982638984375 0.20229622395833333 0.37672226953125 0.38909426953125004 0.4193736005859375 0.4030962044270833
6 0.5421409521484375 0.16886199479166666 0.47455938525390623 0.1470923671875 0.4204169794921875 0.40215179296875 0.5163051928710938 0.42688720703125 0.5421409521484375 0.16886199479166666
6 0.7296266171875 0.2969227076822917 0.601972787109375 0.259905486328125 0.5571672158203125 0.44040467578125003 0.7022642768554688 0.47110187955729166 0.7296266171875 0.2969227076822917
0 0.132150943359375 0.4804958984375 0.1230379130859375 0.5754317018229167 0.15375702734375 0.5812952662760417 0.15147794482421875 0.481295623046875 0.132150943359375 0.4804958984375
42 0.19759717529296875 0.5858037845052083 0.20398122705078126 0.520050125 0.19574848779296875 0.44543123111979166 0.17760877587890625 0.4406894609375 0.15864219873046875 0.497958671875 0.15763333740234375 0.5798909778645833 0.19759717529296875 0.5858037845052083
32 0.3107208432617187 0.46551816080729164 0.21855064208984376 0.418477755859375 0.20386061083984375 0.5874996477864584 0.2910985493164063 0.6074387864583334 0.3107208432617187 0.46551816080729164
31 0.4137484077148437 0.44801675325520834 0.31738371142578126 0.414157544921875 0.2958696357421875 0.606276763671875 0.38236452294921874 0.6321496119791666 0.4137484077148437 0.44801675325520834
31 0.4968127915039062 0.4717338600260417 0.41599329345703123 0.4393239791666667 0.38847594775390626 0.6276697571614583 0.4536450478515625 0.6465416048177083 0.4968127915039062 0.4717338600260417
28 0.5326407963867188 0.5697745358072916 0.48128525341796874 0.555099826171875 0.46751566455078125 0.653977896484375 0.5161300625 0.6646867200520833 0.5326407963867188 0.5697745358072916
29 0.5897571528320312 0.5864660540364584 0.5375792075195313 0.5672763261718751 0.5182165747070312 0.6627978326822916 0.5671313413085938 0.6784956315104167 0.5897571528320312 0.5864660540364584
30 0.6465728959960938 0.5981685305989584 0.5949740454101563 0.5817439993489583 0.5714537426757812 0.6735310520833333 0.6245449018554687 0.692813794921875 0.6465728959960938 0.5981685305989584
23 0.22745294775390626 0.6650500006510417 0.122909685546875 0.6374028235677084 0.1101654208984375 0.81120097265625 0.2152986435546875 0.835985369140625 0.22745294775390626 0.6650500006510417
35 0.340208763671875 0.732387705078125 0.227691341796875 0.7056254505208334 0.2230510185546875 0.833176724609375 0.3247505747070312 0.848443048828125 0.340208763671875 0.732387705078125
36 0.45846298046875 0.7558173782552083 0.35571716796875 0.7341328763020832 0.33056503955078126 0.846336615234375 0.43435763916015624 0.8744391015624999 0.45846298046875 0.7558173782552083
34 0.6488928232421876 0.793880728515625 0.46442608837890625 0.7525239420572917 0.44553739453125 0.866423544921875 0.608529740234375 0.9019660071614584 0.6488928232421876 0.793880728515625
39 0.09991787744140625 0.9078089544270833 0.099686716796875 0.9289884778645834 0.21073454248046875 0.959055361328125 0.2144444267578125 0.9314559153645834 0.09991787744140625 0.9078089544270833
40 0.21848199072265626 0.9269175208333333 0.2167141796875 0.9606743847656251 0.3134169448242187 0.9868572552083333 0.3186765458984375 0.9412733873697916 0.21848199072265626 0.9269175208333333
37 0.41505852294921874 1 0.42647840087890626 0.9299719622395833 0.327696373046875 0.9135702057291667 0.32104186376953125 0.9889217493489584 0.36195783203125 1 0.41505852294921874 1
38 0.559870955078125 1 0.5656188857421875 0.9786876516927084 0.42724324609375 0.949719779296875 0.4207163037109375 1 0.559870955078125 1