21 0.13868815104166668 0.4788628472222222 0.16111111111111115 0.29835069444444445
20 0.2657125771484375 0.367699015625 0.23791682568359376 0.32445394010416667 0.26371921923828123 0.29934371354166667 0.16036635302734376 0.33461217447916664 0.2147492958984375 0.5666182174479167 0.30444708056640624 0.5435085507812499 0.2657125771484375 0.367699015625
19 0.3958409580078125 0.51263574609375 0.3651791435546875 0.44598311979166666 0.34431423193359373 0.28247273567708336 0.24472707177734376 0.3234474967447917 0.27968778564453123 0.39339395898437496 0.3055460625 0.5406926393229167 0.3958409580078125 0.51263574609375
41 0.48492983349609375 0.47571015820312496 0.4428389580078125 0.2931250045572917 0.4520139350585938 0.242280546875 0.32794360693359376 0.2746720891927083 0.3622780830078125 0.366285611328125 0.3938343481445313 0.5041097669270833 0.48492983349609375 0.47571015820312496
22 0.592928091796875 0.4330443587239583 0.5508716655273438 0.306749046875 0.5623539731445313 0.1833641848958333 0.430481609375 0.21909882356770835 0.4620586220703125 0.30367400911458337 0.48912308251953124 0.4598409674479167 0.592928091796875 0.4330443587239583
43 0.561957306640625 0.25372891080729165 0.5914231162109375 0.4266497942708333 0.6607541533203125 0.399347029296875 0.6358993823242187 0.25631108007812503 0.6412872529296875 0.230546919921875 0.561957306640625 0.25372891080729165
9 0.2296606943359375 0.694060568359375 0.17393110546875 0.7132532500000001 0.21779369091796874 0.8114511210937501 0.25823430126953123 0.787025677734375 0.2296606943359375 0.694060568359375
9 0.2851242607421875 0.6765816119791667 0.23565714990234374 0.694651337890625 0.273175865234375 0.7850931041666667 0.3086053544921875 0.77350748828125 0.2851242607421875 0.6765816119791667
3 0.2910543837890625 0.65982518359375 0.32460891064453123 0.7675551438802084 0.3604198203125 0.757589048828125 0.32049989208984375 0.6391685716145833 0.2910543837890625 0.65982518359375
2 0.3263553115234375 0.6391611927083333 0.36224425146484374 0.7568088404947916 0.403111177734375 0.7455720592447918 0.36866501953125 0.6248107526041666 0.3263553115234375 0.6391611927083333
1 0.41087499462890625 0.633501828125 0.37697042333984376 0.6409013085937499 0.40592517333984374 0.746151302734375 0.4375150073242188 0.73531655078125 0.41087499462890625 0.633501828125
4 0.4128725302734375 0.605014501953125 0.4411641083984375 0.7337560325520833 0.47963447998046876 0.7208696516927083 0.4487924389648438 0.5869794192708333 0.4128725302734375 0.605014501953125
25 0.532586646484375 0.57610423828125 0.45712574609375 0.6010552278645833 0.4874594345703125 0.7086094850260416 0.5488143598632812 0.6877199759114583 0.532586646484375 0.57610423828125
24 0.6569477524414062 0.5612518125 0.5393958369140625 0.6093027395833334 0.5538430068359375 0.7033972350260417 0.6837332607421875 0.652307466796875 0.6569477524414062 0.5612518125
27 0.2726473662109375 0.8368887506510417 0.22950699169921876 0.8498430436197917 0.2771741376953125 0.9642051822916667 0.31743268310546874 0.9532285709635416 0.2726473662109375 0.8368887506510417
27 0.33622543115234377 0.8453557441406251 0.2913880024414062 0.8567874231770833 0.32316991015625 0.9463179694010417 0.366051896484375 0.93511094921875 0.33622543115234377 0.8453557441406251
26 0.39639911865234373 0.8820205481770834 0.37850831005859376 0.848667392578125 0.35763840625 0.8574092747395833 0.36709660107421876 0.90257398828125 0.3825095380859375 0.92539880078125 0.40296113134765627 0.9184354205729166 0.39639911865234373 0.8820205481770834
18 0.44215047900390625 0.8374962571614583 0.4066323818359375 0.8487064921875 0.429422044921875 0.9142507838541666 0.46181057763671873 0.9039656165364583 0.44215047900390625 0.8374962571614583
17 0.46611505078125 0.8099060598958333 0.472413267578125 0.8949746731770833 0.5818240107421875 0.8677961197916666 0.56158330078125 0.78463846484375 0.5203890512695313 0.8200830475260417 0.46611505078125 0.8099060598958333
10 0.5714588076171875 0.7704244479166666 0.5822418374023437 0.8667262942708334 0.6990236845703125 0.8310472760416667 0.6686254086914063 0.7388624772135417 0.6207411005859375 0.7771680279947916 0.5714588076171875 0.7704244479166666