5 0.0992644638671875 0 0.07357660888671876 0.30300553125 0.12675717724609376 0.32153740234375 0.12772649951171874 0.31746753385416665 0.14267819775390625 0.00178655078125 0.13776866455078124 0 0.0992644638671875 0
8 0.17821800732421875 0.346622439453125 0.20258440966796876 0.062873583984375 0.14942954150390625 0.05080858919270834 0.12745530322265625 0.3358922513020833 0.17821800732421875 0.346622439453125
8 0.2642095703125 0.08980668359374999 0.20546610498046874 0.0764846796875 0.17909393896484374 0.361187400390625 0.2295717236328125 0.381260583984375 0.2642095703125 0.08980668359374999
7 0.26237656396484377 0.13118894921875 0.23237500732421876 0.383023478515625 0.2735081923828125 0.4056617890625 0.310906291015625 0.145380291015625 0.26237656396484377 0.13118894921875
7 0.31378677392578125 0.1527769609375 0.27685975 0.4078010826822917 0.3288395439453125 0.427315763671875 0.36274165087890625 0.166299458984375 0.31378677392578125 0.1527769609375
6 0.32985583740234375 0.44806045312500004 0.4553268427734375 0.4737599557291667 0.5340469658203125 0.18939768489583333 0.37877592724609377 0.15012847721354167 0.32985583740234375 0.44806045312500004
6 0.5202589228515625 0.28541491536458335 0.45507250048828124 0.4955007942708333 0.6483787065429687 0.6165582682291667 0.727917880859375 0.37726779427083335 0.5202589228515625 0.28541491536458335
0 0.08760106591796875 0.438544251953125 0.08134242431640624 0.5305007975260417 0.1055004638671875 0.5343651100260417 0.10630858984375 0.44453916666666665 0.08760106591796875 0.438544251953125
42 0.1179060498046875 0.4139969231770833 0.108385822265625 0.537511609375 0.14683980615234374 0.5532631516927083 0.150232048828125 0.41422916861979164 0.1179060498046875 0.4139969231770833
32 0.1627510166015625 0.41456281315104165 0.143881853515625 0.5588777760416667 0.20517175 0.5905653098958333 0.22878859619140626 0.456974689453125 0.1627510166015625 0.41456281315104165
31 0.24797631884765625 0.440630189453125 0.221403 0.6017661686197916 0.2898796704101563 0.64132030078125 0.3201986083984375 0.47816683268229165 0.24797631884765625 0.440630189453125
31 0.3373395029296875 0.49118528971354164 0.302537625 0.652205521484375 0.36804502783203125 0.6956643743489583 0.4206024765625 0.536321724609375 0.3373395029296875 0.49118528971354164
28 0.3964799653320312 0.5885246503906251 0.36645718408203126 0.7243187740885416 0.4238136455078125 0.7575853574218749 0.458417330078125 0.6307189446614584 0.3964799653320312 0.5885246503906251
29 0.45914111328125 0.6349588977864583 0.429115388671875 0.7530385 0.4909101499023438 0.79099587890625 0.5238236020507813 0.6710150305989583 0.45914111328125 0.6349588977864583
30 0.5247094624023437 0.6778815716145834 0.490209072265625 0.805353658203125 0.5505102905273438 0.8553091803385416 0.5893212783203124 0.7195171888020834 0.5247094624023437 0.6778815716145834
34 0.568229712890625 0.9836573912760417 0.5761749995117188 0.9656742161458333 0.36675355859375 0.8205329114583333 0.34254279345703126 0.91875255078125 0.3957476538085937 0.9633446171875 0.46729697998046876 0.9866479908854168 0.568229712890625 0.9836573912760417
36 0.25375201611328124 0.7387091432291667 0.23574492919921874 0.8500109557291666 0.3334563315429688 0.9191071575520833 0.35600379052734377 0.8089058385416666 0.25375201611328124 0.7387091432291667
35 0.15301491162109376 0.6734591028645833 0.1473444638671875 0.7830538365885417 0.22784632763671875 0.847694119140625 0.24512969287109376 0.7346345813802083 0.15301491162109376 0.6734591028645833
23 0.13930491259765626 0.7812930885416667 0.1605127646484375 0.6278535598958334 0.09249771923828125 0.58139166015625 0.06831001220703126 0.723948513671875 0.13930491259765626 0.7812930885416667
39 0.0629093876953125 0.8002292649739583 0.06347157080078125 0.8551234186197917 0.1285472431640625 0.8763183450520833 0.12885673828125 0.860317826171875 0.0629093876953125 0.8002292649739583