21 0.1154930556640625 0.40396924609375 0.13655803564453126 0.15988822721354165 0.04634523828125 0.15408399479166665 0.0346969248046875 0.39681944466145835 0.1154930556640625 0.40396924609375
20 0.19998189501953126 0.42626951041666666 0.20341641845703126 0.17821726171875 0.1384439482421875 0.16321660026041665 0.11595114111328125 0.41038425911458337 0.19998189501953126 0.42626951041666666
19 0.27874627978515626 0.4433766536458333 0.2908816962890625 0.18982539713541668 0.2068509423828125 0.1901309524739583 0.20268477197265625 0.42613425911458336 0.27874627978515626 0.4433766536458333
41 0.37473288671875 0.4571693118489583 0.39762946435546875 0.203007275390625 0.29200347216796874 0.18520271158854165 0.2824593251953125 0.4427655423177083 0.37473288671875 0.4571693118489583
22 0.4912879462890625 0.47865211653645834 0.5196798115234375 0.19333101822916665 0.40296478173828126 0.187035052734375 0.37978125 0.4542132936197916 0.4912879462890625 0.47865211653645834
43 0.568923115234375 0.4909834654947917 0.5856376489257813 0.2728683860677083 0.5149568452148438 0.26581878320312496 0.49634077392578124 0.47662566145833335 0.568923115234375 0.4909834654947917
9 0.10611383935546875 0.6500588626302083 0.09260491064453125 0.4924298938802083 0.04568997998046875 0.4966732805989584 0.05780183544921875 0.6460876321614584 0.10611383935546875 0.6500588626302083
9 0.1548836806640625 0.6683878971354167 0.14618303564453125 0.5043435846354166 0.09584598193359375 0.5081243385416666 0.110922123046875 0.6644166666666667 0.1548836806640625 0.6683878971354167
3 0.189686755859375 0.6815238092447916 0.17915426611328125 0.499150462890625 0.14806299609375 0.502169642578125 0.15717336328125 0.6806074733072917 0.189686755859375 0.6815238092447916
2 0.2315875498046875 0.6977142858072917 0.2224290673828125 0.5037324733072917 0.18241641845703124 0.502169642578125 0.19037351171875 0.6854950397135416 0.2315875498046875 0.6977142858072917
1 0.2666971728515625 0.7057662037760416 0.2575200893554688 0.5442228834635416 0.22584226171875 0.5423872356770834 0.2326259921875 0.7033740078125 0.2666971728515625 0.7057662037760416
4 0.26448065478515626 0.508001984375 0.2665252978515625 0.712193783203125 0.31770734130859374 0.7124431217447916 0.31384127001953127 0.51540575390625 0.26448065478515626 0.508001984375
25 0.37722098193359377 0.7359417988281249 0.3921168154296875 0.5987748014322917 0.31858358154296873 0.5792251985677083 0.3231875 0.719185515625 0.37722098193359377 0.7359417988281249
24 0.5290992065429687 0.799069775390625 0.5451634423828124 0.6809970240885416 0.40847296630859375 0.6525505950520833 0.37342410693359374 0.7542566139322916 0.5290992065429687 0.799069775390625
27 0.1115625 0.8551226848958334 0.1115625 0.6976921295572917 0.05957341259765625 0.695743716796875 0.0727440478515625 0.845661044921875 0.1115625 0.8551226848958334
27 0.1547894345703125 0.8792827382812499 0.143982638671875 0.739777447265625 0.113498263671875 0.7369834654947917 0.115359375 0.8609675924479167 0.1547894345703125 0.8792827382812499
26 0.19830828369140624 0.8913627643229166 0.1918826884765625 0.7962810846354166 0.1661803076171875 0.7857595898437499 0.16520783740234374 0.8772126321614584 0.19830828369140624 0.8913627643229166
18 0.24591617041015626 0.9143538359375 0.2394905751953125 0.8212205690104167 0.2070704365234375 0.8075816796874999 0.210343998046875 0.9005843255208333 0.24591617041015626 0.9143538359375
17 0.3674188989257812 0.9685191796875 0.37939384912109375 0.88084126953125 0.2897271826171875 0.8220000000000001 0.257671626953125 0.914607142578125 0.3674188989257812 0.9685191796875
10 0.5025081494140625 1 0.50762549609375 0.9084530423177083 0.4007264384765625 0.8683161373697916 0.36985491064453124 0.9695304231770834 0.444134216796875 1 0.5025081494140625 1
10 0.131500484375 1 0.12999578369140624 0.9598419309895833 0.08687003955078125 0.962180224609375 0.08917427587890625 1 0.131500484375 1
15 0.17013244580078124 1 0.16793452392578126 0.9577251985677083 0.13142534716796875 0.9518799602864583 0.13208718994140625 1 0.17013244580078124 1