21 0.02894950439453125 0.30079115625 0.089380822265625 0.5605385768229166 0.17571646484375 0.53967595703125 0.12889042919921875 0.27501422200520836 0.02894950439453125 0.30079115625
20 0.1336494169921875 0.27942855078125 0.17083288818359374 0.5450005384114583 0.2605442299804687 0.5380040260416666 0.206369599609375 0.2738336380208333 0.1336494169921875 0.27942855078125
19 0.3071815073242187 0.26355049609375 0.21143263818359376 0.29368493554687497 0.264160650390625 0.535560626953125 0.3554196748046875 0.5340716529947916 0.3071815073242187 0.26355049609375
41 0.30787361328125 0.2523650091145833 0.3578696459960938 0.5227376848958333 0.44976278662109376 0.5165695748697917 0.42778169921875 0.22980321549479166 0.30787361328125 0.2523650091145833
22 0.42640270458984375 0.21083326041666664 0.46303503955078124 0.501021779296875 0.5826195698242187 0.4982683548177083 0.567737619140625 0.18612932421874998 0.42640270458984375 0.21083326041666664
43 0.5636491767578125 0.272347693359375 0.5936016630859375 0.48505001236979167 0.6785937485351563 0.47697168489583336 0.6614871293945312 0.2524664889322917 0.5636491767578125 0.272347693359375
9 0.1779626884765625 0.7870242174479167 0.2230489560546875 0.7712331334635416 0.17524149072265624 0.6295204856770833 0.1203024521484375 0.650120580078125 0.1779626884765625 0.7870242174479167
9 0.1780881689453125 0.6550396920572917 0.2328048388671875 0.7854635182291667 0.27794016845703123 0.7732787454427084 0.23078776025390624 0.6242330305989584 0.1780881689453125 0.6550396920572917
3 0.23021071240234375 0.6300632916666666 0.28095697509765627 0.785796515625 0.317509560546875 0.7757183183593751 0.266199154296875 0.6075920611979166 0.23021071240234375 0.6300632916666666
2 0.27288415185546877 0.61585216796875 0.31919313720703124 0.7891011139322917 0.3615926689453125 0.7859203209635416 0.31140764892578127 0.6014449329427084 0.27288415185546877 0.61585216796875
1 0.3258937080078125 0.6424849205729167 0.36245721044921875 0.7940532506510416 0.39558027880859375 0.7816245852864583 0.355999580078125 0.6310979772135417 0.3258937080078125 0.6424849205729167
4 0.3536215219726562 0.5971211132812501 0.400478826171875 0.7927474700520833 0.44595099560546875 0.7867811764322917 0.3931265615234375 0.5840436471354167 0.3536215219726562 0.5971211132812501
25 0.4229414331054687 0.64892783203125 0.45809744677734376 0.77863898828125 0.5190978081054688 0.7713085462239584 0.5040801821289063 0.6422860221354166 0.4229414331054687 0.64892783203125
24 0.5288552255859374 0.6784474173177083 0.5224425756835938 0.7964277591145833 0.6892677836914063 0.79047670703125 0.6740935141601563 0.6644593645833333 0.5288552255859374 0.6784474173177083
27 0.1894927451171875 0.8264901002604167 0.2373360830078125 0.95203775 0.27884453857421876 0.9524709596354167 0.22931991943359376 0.8264795631510417 0.1894927451171875 0.8264901002604167
27 0.2486633388671875 0.8540078079427084 0.2838067807617187 0.953870927734375 0.3221215009765625 0.9556728346354166 0.28979566943359375 0.8599230644531249 0.2486633388671875 0.8540078079427084
26 0.31508692138671873 0.8683276022135417 0.33670857666015624 0.9558874811197917 0.36657423291015623 0.9527879270833334 0.339612783203125 0.8695728684895833 0.31508692138671873 0.8683276022135417
18 0.36351893212890624 0.884983080078125 0.3842582265625 0.9631108489583333 0.42064794873046873 0.9651499029947916 0.397970181640625 0.8902421119791667 0.36351893212890624 0.884983080078125
17 0.44198884765625 0.8636988743489583 0.432861107421875 0.9572725917968751 0.47073501171875 0.96260133203125 0.5504152192382813 0.9555186471354166 0.5457454809570312 0.88011201953125 0.44198884765625 0.8636988743489583
10 0.68068876171875 0.8719276380208334 0.5658521411132813 0.8758351927083333 0.5605617622070312 0.954616732421875 0.5960442104492187 0.9514627369791667 0.6861322294921876 0.912864720703125 0.68068876171875 0.8719276380208334