5 0.11747323495370371 0.17495177469135803 0.08943865740740742 0.34415509259259264
8 0.18472041377314813 0.2117356288580247 0.08275101273148144 0.31008873456790126
8 0.24428710937499998 0.22026427469135804 0.07750651041666667 0.3131317515432099
7 0.2998951099537037 0.2523630401234568 0.07410300925925928 0.2882957175925926
7 0.35776548032407407 0.2611496913580247 0.07574508101851851 0.2929108796296296
6 0.45881438078703707 0.2644917052469136 0.1568033854166666 0.3338155864197531
6 0.651587818287037 0.35108748070987655 0.235402199074074 0.27386670524691353
0 0.1394892939814815 0.5404947916666667 0.04136284722222222 0.11084104938271604
42 0.17809968171296298 0.5241440007716048 0.050694444444444486 0.15021219135802463
32 0.24208622685185185 0.5334972993827161 0.09109881365740741 0.18626060956790122
31 0.3390064380787037 0.5435016396604938 0.10012659143518521 0.2178192515432098
31 0.4285282841435185 0.5701147762345679 0.08531901041666667 0.2256847993827161
28 0.5061758535879629 0.6424117476851852 0.07487340856481484 0.157667824074074
29 0.5775716145833334 0.6605082947530864 0.07322410300925908 0.16540316358024695
30 0.6548990885416667 0.686964699074074 0.08385778356481488 0.17557388117283956
23 0.14466812060546874 0.65020055859375 0.1408443798828125 0.8137197018229166 0.222008388671875 0.8509484674479166 0.2311012548828125 0.6775296946614584 0.14466812060546874 0.65020055859375
35 0.2414371337890625 0.7052046471354166 0.2366241787109375 0.8508684537760417 0.3230449106445312 0.8858909759114583 0.3394736298828125 0.7534281328125 0.2414371337890625 0.7052046471354166
36 0.35061046630859377 0.74959540234375 0.343803693359375 0.8862928020833333 0.44875933544921875 0.93373977734375 0.46808571142578126 0.8005935963541666 0.35061046630859377 0.74959540234375
34 0.6941635053710937 1 0.7214504956054687 0.893397580078125 0.4811586015625 0.793582369140625 0.4673185908203125 0.9342554700520833 0.6144929350585937 1 0.6941635053710937 1
39 0.1933051215277778 0.9339457947530865 0.10707826967592593 0.10823688271604937
40 0.2977484809027778 0.9556230709876544 0.10385199652777777 0.08795814043209897
37 0.4030797887731482 0.9694082754629628 0.10715060763888884 0.06118344907407428