5 0.0986328125 0.19661458333333334 0.06298828125 0.3411458333333333
8 0.16552734375 0.22786458333333334 0.05908203125 0.3033854166666667
8 0.22509765625 0.22981770833333334 0.05322265625 0.3072916666666667
7 0.28076171875 0.255859375 0.0517578125 0.2825520833333333
7 0.33837890625 0.2584635416666667 0.05322265625 0.287109375
6 0.439453125 0.2506510416666667 0.1318359375 0.3196614583333333
6 0.6318359375 0.31640625 0.2158203125 0.25
0 0.12060546875 0.5625 0.03271484375 0.107421875
42 0.1591796875 0.5416666666666666 0.0390625 0.14583333333333334
32 0.22314453125 0.5442708333333334 0.0771484375 0.177734375
31 0.31982421875 0.5436197916666666 0.08349609375 0.20833333333333334
31 0.4091796875 0.560546875 0.068359375 0.21809895833333334
28 0.48681640625 0.6243489583333334 0.06298828125 0.15104166666666666
29 0.55810546875 0.634765625 0.060546875 0.15885416666666666
30 0.63525390625 0.6529947916666666 0.07080078125 0.16796875
23 0.20311458349609374 0.8646904759114583 0.21212252001953125 0.6897767858072917 0.1257978671875 0.6718247356770833 0.122047619140625 0.8362337962239583 0.20311458349609374 0.8646904759114583
35 0.30402554541015625 0.888680224609375 0.320376240234375 0.754038029296875 0.22245560498046876 0.7164007936197917 0.2177100693359375 0.8630112434895834 0.30402554541015625 0.888680224609375
36 0.4295855654296875 0.9229136907552083 0.44882961328125 0.7872691796875001 0.33149603173828124 0.7489758600260417 0.32475570458984376 0.8868121692708333 0.4295855654296875 0.9229136907552083
34 0.6665265375976562 0.995441798828125 0.7018816962890625 0.8526223548177083 0.4618814482421875 0.7788075397135418 0.44811929541015627 0.921400462890625 0.6665265375976562 0.995441798828125
39 0.174560546875 0.951171875 0.09912109375 0.09765625
40 0.27880859375 0.9612630208333334 0.09765625 0.07747395833333333
37 0.384033203125 0.9694010416666666 0.10205078125 0.061197916666666664