5 0.1484375 0.2643229166666667 0.07373046875 0.3919270833333333
8 0.22265625 0.2975260416666667 0.06201171875 0.337890625
8 0.29052734375 0.2975260416666667 0.064453125 0.3190104166666667
7 0.353515625 0.318359375 0.06005859375 0.2766927083333333
7 0.40771484375 0.3209635416666667 0.05419921875 0.263671875
6 0.48046875 0.30859375 0.09033203125 0.2682291666666667
6 0.61572265625 0.34765625 0.17626953125 0.18684895833333334
0 0.12637747998046875 0.7438386243489584 0.1674002978515625 0.7438386243489584 0.1554905751953125 0.6167599205729167 0.12571577392578126 0.6166686510416667 0.12637747998046875 0.7438386243489584
42 0.1726937001953125 0.56028075390625 0.1594605654296875 0.624702380859375 0.1674002978515625 0.7358961640625 0.20974677587890625 0.7288363092447917 0.2110701884765625 0.661766865234375 0.19849851171875 0.5615300924479166 0.1726937001953125 0.56028075390625
32 0.2845146328125 0.5214510579427084 0.2110701884765625 0.524098544921875 0.20511507958984376 0.5920502643229166 0.21239335302734375 0.7208938489583333 0.3123043154296875 0.7155988756510417 0.3142891865234375 0.525138888671875 0.2845146328125 0.5214510579427084
31 0.35795882958984376 0.48262136263020833 0.3050260415039063 0.50115376953125 0.3162743056640625 0.5249811510416666 0.31296602197265627 0.7014791666666667 0.4095684521484375 0.7014791666666667 0.4135384423828125 0.49315839973958336 0.35795882958984376 0.48262136263020833
31 0.4142001489257813 0.4852691796875 0.410891865234375 0.6882417330729167 0.47970461328125 0.6917714947916668 0.494592013671875 0.48433630924479165 0.4142001489257813 0.4852691796875
28 0.4863214287109375 0.5585155423177083 0.48102802587890625 0.6864768515624999 0.5425625 0.6882417330729167 0.5478559028320312 0.5646931217447917 0.4863214287109375 0.5585155423177083
29 0.5419010415039063 0.6794166666666667 0.58821726171875 0.68559424609375 0.5988038193359375 0.5648386243489584 0.5498407739257812 0.562045634765625 0.5419010415039063 0.6794166666666667
30 0.5895406748046875 0.6758869049479167 0.641811755859375 0.675004298828125 0.655045138671875 0.5582218912760416 0.5994655258789062 0.5541031744791667 0.5895406748046875 0.6758869049479167
23 0.2153918037109375 1 0.26929637890625 0.9899847884114584 0.24878472216796876 0.8708485449218749 0.252093005859375 0.78083465625 0.12571577392578126 0.8019338626302083 0.13431721240234376 0.8276064817708333 0.1482123017578125 0.9732172617187499 0.14052176953125 1 0.2153918037109375 1
35 0.35795882958984376 0.8161342591145834 0.25473983154296875 0.8293713626302083 0.2686346728515625 0.9864546959635416 0.3771470732421875 0.9617450397135417 0.382936755859375 0.8041395501302083 0.35795882958984376 0.8161342591145834
36 0.38177877001953126 0.9502724869791667 0.49293799609375 0.9290929231770834 0.4987274306640625 0.7831868385416666 0.3850870537109375 0.8134867727864584 0.38177877001953126 0.9502724869791667
34 0.5022011411132813 0.7790694446614584 0.49426116064453124 0.9176203704427084 0.6490900297851563 0.8911458333333333 0.6748948413085938 0.7523091933593751 0.5022011411132813 0.7790694446614584