21 0.28583551171875 0.6256338684895834 0.25343794970703126 0.44435880403645833 0.22939501953125 0.25840947981770834 0.04619925732421875 0.28322434375 0.13968265869140625 0.5192277799479167 0.1439348173828125 0.6633982356770833 0.28583551171875 0.6256338684895834
19 0.384971423828125 0.36123984895833333 0.39437305615234375 0.4974395618489584 0.41793412451171874 0.570647287109375 0.51699240234375 0.5551567272135417 0.482036681640625 0.47227338802083335 0.48713902392578123 0.26323089518229165 0.3507999169921875 0.27754458268229165 0.384971423828125 0.36123984895833333
20 0.285147365234375 0.48716877539062503 0.2980138037109375 0.6071176549479167 0.41918863330078127 0.5790800553385417 0.3904508701171875 0.48932490169270837 0.38391672216796874 0.3724003216145833 0.3341677158203125 0.26308090950520835 0.2327798232421875 0.26291020963541667 0.24928839501953126 0.3921321002604166 0.285147365234375 0.48716877539062503
41 0.48362900927734376 0.46472681705729163 0.5130633012695313 0.5409122018229167 0.5887374018554687 0.5157613841145833 0.5691291845703125 0.254679974609375 0.47875692822265625 0.24338701236979166 0.48795188720703125 0.35386394921875003 0.48362900927734376 0.46472681705729163
22 0.5869201206054687 0.416853736328125 0.5898698520507812 0.5096839876302083 0.683635333984375 0.47686723763020833 0.6571433818359375 0.3839582037760417 0.6706621987304687 0.2254076009114583 0.57212119140625 0.226123427734375 0.5869201206054687 0.416853736328125
43 0.7240649135742188 0.2741181106770833 0.666298318359375 0.29949289713541666 0.6625062495117188 0.4078404622395833 0.682151900390625 0.47906240299479164 0.72180274609375 0.4657518723958333 0.7240649135742188 0.2741181106770833
9 0.282932361328125 0.752123486328125 0.204815234375 0.7791041686197917 0.2589696704101562 0.9560582890624999 0.31051851171875 0.9253899251302083 0.282932361328125 0.752123486328125
9 0.35639448779296873 0.7257902076822916 0.2944994052734375 0.7568745266927084 0.3307784423828125 0.9094869791666667 0.38535362109375 0.8809097467447917 0.35639448779296873 0.7257902076822916
3 0.413225009765625 0.67283050390625 0.3630822275390625 0.688618486328125 0.3908750498046875 0.8876077018229167 0.432649275390625 0.8642352669270833 0.413225009765625 0.67283050390625
2 0.48154436669921874 0.8461437233072916 0.4654775087890625 0.6453691725260416 0.4149968383789063 0.6664888671875 0.42908545751953125 0.8585295455729166 0.48154436669921874 0.8461437233072916
1 0.5224291220703124 0.8228773541666666 0.5048462998046875 0.6590599934895833 0.46569078466796876 0.6665742180989583 0.485273611328125 0.8407946790364583 0.5224291220703124 0.8228773541666666
4 0.5431868081054687 0.6095636998697916 0.49820041357421874 0.6235108053385416 0.522967142578125 0.8204088600260416 0.5617218471679688 0.8010745 0.5601325478515625 0.7949550657552084 0.5431868081054687 0.6095636998697916
25 0.6173870390625 0.633819802734375 0.5503487250976562 0.6516224934895833 0.5608188403320312 0.7889211354166666 0.587854806640625 0.7881495716145833 0.6139109243164063 0.768624732421875 0.6173870390625 0.633819802734375
24 0.6823024604492187 0.6260789563802084 0.6224052216796875 0.66755186328125 0.6160905473632813 0.7467741321614584 0.6235971499023437 0.7789831223958333 0.7221390268554687 0.7204801835937501 0.6823024604492187 0.6260789563802084
27 0.3294085283203125 1 0.32336747509765623 0.9691749029947917 0.2575208828125 0.9965095696614584 0.2582419091796875 1 0.3294085283203125 1
27 0.3905104833984375 1 0.377752302734375 0.945401515625 0.32747578515625 0.9846240625 0.3306815068359375 1 0.3905104833984375 1
26 0.4447993916015625 1 0.43491455224609377 0.9646313977864583 0.39827110107421876 0.9859907701822918 0.4006222231445313 1 0.4447993916015625 1
18 0.5080385385742188 1 0.49995581005859374 0.9334045592447917 0.45225162939453123 0.9594996985677083 0.459460650390625 1 0.5080385385742188 1
17 0.5327101962890625 1 0.5843168315429688 0.9772924420572916 0.6123870961914063 0.9469714401041666 0.5779916762695313 0.8617710416666666 0.5410268842773438 0.917472330078125 0.4993906708984375 0.9052721842447916 0.5143212338867188 1 0.5327101962890625 1
10 0.6229620673828125 0.8598847936197916 0.5865030844726562 0.8642323489583333 0.6154200034179688 0.961275162109375 0.7069510805664062 0.8951870052083333 0.65798276171875 0.8139292799479166 0.6229620673828125 0.8598847936197916