21 0.10546875 0.40293933256172837 0.16975911458333331 0.3342640817901235
20 0.24508101851851855 0.39255642361111115 0.14619502314814814 0.3213831018518518
19 0.3592664930555556 0.39358121141975316 0.11758535879629628 0.2789351851851851
41 0.4718695746527778 0.37496141975308644 0.11414930555555558 0.2870900848765432
22 0.5761990017361112 0.35213396990740736 0.11420355902777768 0.2793161651234568
43 0.6612865306712963 0.3868947723765432 0.06792534722222232 0.19009934413580254
9 0.10107421875 0.7533058449074074 0.09742115162037035 0.1872444058641974
9 0.1841362847222222 0.7370201581790123 0.0812717013888889 0.18532021604938276
3 0.2531195746527778 0.7160132137345679 0.06441695601851849 0.19695216049382727
2 0.30572735821759256 0.7053747106481482 0.06363932291666674 0.19170524691358035
1 0.35394061053240744 0.7125843942901234 0.05186631944444442 0.1635513117283951
4 0.4024522569444444 0.6837962962962963 0.05197482638888884 0.20050636574074066
25 0.45937319155092593 0.6961516203703703 0.07427300347222221 0.13809799382716056
24 0.5648961950231481 0.6955922067901236 0.12514467592592604 0.09998553240740726
27 0.10800962094907406 0.9391107253086419 0.07242838541666666 0.08739390432098777
27 0.17881040219907407 0.9335165895061728 0.06870298032407407 0.09034047067901223
26 0.2369972511574074 0.9405864197530865 0.048014322916666685 0.06796392746913564
18 0.3024359809027778 0.9221281828703703 0.04866536458333326 0.09718364197530871
17 0.39586950231481477 0.916042148919753 0.11545138888888884 0.10051601080246897
10 0.5104618778935185 0.8791160300925925 0.1103334780092593 0.1046489197530865