21 0.1666884921875 0.42969345247395835 0.18996329345703125 0.13704464257812501 0.03268229150390625 0.1078740078125 0.04162252001953125 0.41638260611979167 0.1666884921875 0.42969345247395835
20 0.2854134423828125 0.4416127643229167 0.31503571435546873 0.18127149479166668 0.191138888671875 0.14425892838541668 0.1763668154296875 0.4295512565104167 0.2854134423828125 0.4416127643229167
19 0.38603546630859376 0.45698214257812503 0.4154228671875 0.20103207682291668 0.31738665673828126 0.19319047591145833 0.29559102197265624 0.438016865234375 0.38603546630859376 0.45698214257812503
41 0.4151153271484375 0.21543518489583333 0.39419146826171875 0.459152447265625 0.48611507958984373 0.4732675266927084 0.5160496030273437 0.23013921940104165 0.4151153271484375 0.21543518489583333
22 0.61635987109375 0.243181216796875 0.515267361328125 0.21557870377604169 0.4959437001953125 0.46717625651041667 0.6001378969726563 0.47717460286458335 0.61635987109375 0.243181216796875
43 0.6598529267578125 0.48344808203124995 0.6791312001953125 0.30403207682291666 0.6142437998046875 0.3090505950520833 0.6063494545898438 0.47423115104166663 0.6598529267578125 0.48344808203124995
24 0.6187108134765625 0.7454252643229166 0.5991974204101562 0.6500714283854166 0.49735466259765626 0.656711970703125 0.49857539697265624 0.7535806881510417 0.6187108134765625 0.7454252643229166
25 0.4214630454101562 0.5939255950520833 0.41464508935546873 0.7344470898437501 0.4804727182617187 0.7388382936197916 0.49982390869140625 0.601685515625 0.4214630454101562 0.5939255950520833
4 0.4044151787109375 0.739454365234375 0.41593502001953125 0.5330631614583333 0.3740875498046875 0.5255350527343751 0.3604940478515625 0.732902447265625 0.4044151787109375 0.739454365234375
1 0.31625322412109375 0.7378859127604166 0.3581006943359375 0.740395171875 0.3686800595703125 0.5719573411458333 0.3298060517578125 0.56782308203125 0.31625322412109375 0.7378859127604166
2 0.26852827392578127 0.5308673938802083 0.2619454365234375 0.7381994049479167 0.3129618056640625 0.74321825390625 0.3266314482421875 0.5381934524739583 0.26852827392578127 0.5308673938802083
3 0.20819841259765626 0.736631283203125 0.2592147817382813 0.740395171875 0.26485714306640623 0.5368270501302083 0.2211641865234375 0.5349011243489583 0.20819841259765626 0.736631283203125
9 0.2048824404296875 0.73757208984375 0.20864384912109374 0.5559606484375 0.14426810498046874 0.5485403437499999 0.13811433544921875 0.734435515625 0.2048824404296875 0.73757208984375
9 0.12481721240234375 0.7331808860677084 0.12152579345703125 0.5399636243489584 0.0617284228515625 0.5405449733072917 0.06228075390625 0.7284758600260416 0.12481721240234375 0.7331808860677084
27 0.12246602197265626 0.9716385579427084 0.12246602197265626 0.7934771822916667 0.06208110107421875 0.7978055553385417 0.0655721728515625 0.9703839283854166 0.12246602197265626 0.9716385579427084
27 0.19040972216796875 0.9697566139322916 0.1922904267578125 0.8342536373697916 0.1340389384765625 0.8307271822916666 0.133045634765625 0.966306216796875 0.19040972216796875 0.9697566139322916
26 0.2470684521484375 0.9641107805989583 0.24401215283203126 0.8596603834635417 0.2067021328125 0.85565376953125 0.20334002978515625 0.9678746692708334 0.2470684521484375 0.9641107805989583
18 0.3138363095703125 0.9644242727864584 0.3183033232421875 0.8656200397135416 0.27689608154296874 0.8584758600260417 0.26916765869140624 0.9644242727864584 0.3138363095703125 0.9644242727864584
17 0.4463531748046875 0.9606574075520834 0.44000545654296874 0.8722040345052083 0.34102901806640623 0.87628174609375 0.33298065478515626 0.9595925924479167 0.4463531748046875 0.9606574075520834
10 0.5693427578125 0.9503065475260417 0.5477137895507812 0.8540115742187501 0.45255753955078126 0.8594163359375 0.4557901787109375 0.9575208333333333 0.5693427578125 0.9503065475260417