5 0.25579668209876544 0.4261429398148148 0.20828993055555553 0.34351490162037035
8 0.3765070408950617 0.40012839988425924 0.17586323302469134 0.2880316840277778
8 0.45409432870370364 0.35874204282407407 0.16440007716049396 0.27260561342592593
7 0.5307918595679012 0.3349247685185185 0.1246913580246914 0.23397714120370372
7 0.5984833140432099 0.30039243344907407 0.12097318672839504 0.2177915219907407
0 0.38179012345679014 0.7184606481481481 0.0793740354938272 0.08602792245370372
42 0.42864583333333334 0.6657443576388888 0.09606963734567901 0.11134620949074092
32 0.49442033179012346 0.5837492766203705 0.137403549382716 0.13588686342592604
31 0.5950279706790124 0.5195493344907407 0.1268180941358025 0.13315610532407396
31 0.6767144097222223 0.46586552372685186 0.1178819444444444 0.12608506944444442
28 0.7290461033950617 0.4561270254629629 0.06746238425925928 0.07351345486111116
29 0.7692418981481483 0.42455150462962965 0.05564236111111084 0.07172309027777768
30 0.8084948881172839 0.3925148292824074 0.055541087962962976 0.07025824652777779
23 0.4681086033950617 0.7857530381944444 0.14338831018518525 0.08147063078703698
35 0.5740523726851853 0.6960630063657407 0.1567611882716049 0.10572193287037024
36 0.6767240547839507 0.6067075376157407 0.11208043981481482 0.07036675347222232
34 0.7656418788580247 0.5377152054398149 0.13696952160493817 0.09201388888888884
39 0.5038483796296296 0.8844220196759259 0.15256076388888898 0.09195963541666674
40 0.5982036072530864 0.7884747540509259 0.1248360339506173 0.09508825231481488
37 0.6720437885802469 0.7026005497685185 0.10359760802469135 0.08865017361111116
38 0.7598162615740741 0.6360767505787037 0.1347125771604937 0.08756510416666652
6 0.675425873046875 0.14170877294921874 0.6836714674479167 0.35023384521484374 0.7881638268229166 0.28292046142578126 0.7977091647135417 0.0872576103515625 0.675425873046875 0.14170877294921874