5 0 0.47688294270833337 0.0327256923828125 0.5990270397135417 0.0978756240234375 0.5817318450520833 0.10428909716796875 0.5485546770833333 0.0439518994140625 0.30624883984375 0 0.23339048372395832 0 0.47688294270833337
8 0.0983696103515625 0.23213358658854166 0.03946755859375 0.25255713476562497 0.04426452197265625 0.33182856119791665 0.1109701845703125 0.577977330078125 0.17734731494140624 0.5442257649739584 0.0983696103515625 0.23213358658854166
8 0.11468883056640625 0.29833313932291666 0.17623653173828124 0.5545906529947916 0.244895712890625 0.520804205078125 0.1779985126953125 0.22267695442708335 0.14532061962890624 0.21207196419270835 0.11920351513671874 0.22339691145833332 0.11468883056640625 0.29833313932291666
7 0.19360769970703126 0.30500688671875004 0.24336055517578126 0.5252651217447917 0.30050887158203127 0.4986855104166667 0.2475477685546875 0.22806115950520833 0.22472653759765626 0.22841023763020832 0.20094944873046874 0.23665464453124999 0.19360769970703126 0.30500688671875004
7 0.30123996142578124 0.5021706048177084 0.36273250732421874 0.4937074609375 0.3109117626953125 0.23407724674479166 0.2866252724609375 0.19862700260416666 0.2585252534179687 0.20837033203125 0.2515317827148438 0.25844845833333335 0.30123996142578124 0.5021706048177084
6 0.31216204833984373 0.217759203125 0.35287119140625 0.475947498046875 0.4583671508789062 0.4401244869791667 0.48561425146484377 0.41176715364583333 0.4613313828125 0.20007482096354168 0.43023410986328126 0.12765352734375 0.3199725952148437 0.16489588736979166 0.31216204833984373 0.217759203125
6 0.6957856333007812 0.3479695390625 0.6815512119140625 0.16531812890625 0.657622064453125 0.125205642578125 0.4755745556640625 0.19211062044270832 0.4676342934570312 0.26369594661458334 0.49060521142578123 0.409141669921875 0.51518490234375 0.42344954166666665 0.6957856333007812 0.3479695390625
0 0.1524485712890625 0.8288590214843751 0.11632913427734375 0.7198969062499999 0.084933 0.7406161881510417 0.11449438232421875 0.8513901953124999 0.1524485712890625 0.8288590214843751
42 0.19457856396484374 0.8039555390625001 0.1769864619140625 0.7200439889322916 0.14574007421875 0.6619932994791666 0.12332236279296875 0.66981886328125 0.1273378505859375 0.7478484778645833 0.15574217578125 0.834818533203125 0.19457856396484374 0.8039555390625001
32 0.26800293505859374 0.584858423828125 0.1574987861328125 0.6172722766927083 0.20046934228515625 0.8117460507812501 0.29935101318359375 0.7638450572916667 0.26800293505859374 0.584858423828125
31 0.406226962890625 0.7260307721354167 0.36875875830078125 0.517555021484375 0.2628177241210938 0.5541312356770833 0.30151247900390626 0.7630955963541667 0.406226962890625 0.7260307721354167
31 0.48362266162109374 0.6999511738281251 0.4675245795898437 0.47574734635416666 0.3696892080078125 0.50951065234375 0.40700397314453124 0.7204662877604168 0.48362266162109374 0.6999511738281251
28 0.5582630341796875 0.6846600169270833 0.5365539985351563 0.5416068626302083 0.46995603857421875 0.5579482708333333 0.4905942939453125 0.7073669140625 0.5582630341796875 0.6846600169270833
29 0.6043983525390625 0.5114662220052083 0.5373256435546875 0.536857873046875 0.556333673828125 0.6732267630208333 0.6241902729492188 0.6618005742187499 0.6043983525390625 0.5114662220052083
30 0.6902380966796875 0.639655708984375 0.6821569819335938 0.48923038802083335 0.607156091796875 0.5134014309895834 0.6211220927734376 0.65378775 0.6902380966796875 0.639655708984375
23 0.28388240185546876 0.9885654140625001 0.25100749462890626 0.8493811061197917 0.13465041162109376 0.8988031412760417 0.159788837890625 0.9934678756510417 0.28388240185546876 0.9885654140625001
35 0.41913909765625 0.983221939453125 0.3911021162109375 0.8406291569010417 0.2586626142578125 0.8913541204427083 0.28515465869140627 0.98851515234375 0.41913909765625 0.983221939453125
36 0.5237929091796875 0.7880041647135417 0.39171828759765626 0.8459751243489584 0.4175352978515625 0.9832852994791667 0.4495258623046875 0.982021474609375 0.5442063662109375 0.9428689876302084 0.5237929091796875 0.7880041647135417
34 0.751503498046875 0.70526744140625 0.5225889389648437 0.7884951308593751 0.5452101088867187 0.9394953938802083 0.7572781752929687 0.860668384765625 0.751503498046875 0.70526744140625