5 0.05832773779296875 0.056043173828124994 0.068261478515625 0.3466398763020833 0.1136835322265625 0.3578411666666667 0.1014413349609375 0.051971619791666666 0.05832773779296875 0.056043173828124994
8 0.09947793408203125 0.08838045377604166 0.114752345703125 0.3615319016927083 0.1539707138671875 0.3669992565104167 0.14013016357421876 0.090764595703125 0.09947793408203125 0.08838045377604166
8 0.14442572900390624 0.08065248307291667 0.1509696240234375 0.36779585416666666 0.196412701171875 0.37930106901041666 0.18488902490234374 0.08361341276041667 0.14442572900390624 0.08065248307291667
7 0.1900223037109375 0.11107589322916667 0.19630807958984375 0.3773219615885417 0.2349538740234375 0.38164942122395834 0.23370187890625 0.11099574609375 0.1900223037109375 0.11107589322916667
7 0.23273852783203125 0.10956717447916665 0.23408017919921875 0.38248208463541666 0.287703384765625 0.37943651041666665 0.280074240234375 0.10556719921875 0.23273852783203125 0.10956717447916665
6 0.285334080078125 0.07202813541666667 0.2863370361328125 0.3856280579427083 0.3939277578125 0.3849096510416667 0.41863098779296876 0.07571145572916667 0.285334080078125 0.07202813541666667
6 0.4163111171875 0.159388166015625 0.39276142431640626 0.4053524446614583 0.6172196650390624 0.42780255598958333 0.618339400390625 0.148431619140625 0.4163111171875 0.159388166015625
0 0.098111109375 0.49179746158854165 0.10154823876953124 0.5759372467447916 0.12667378125 0.5773133079427083 0.116721181640625 0.4875928723958333 0.098111109375 0.49179746158854165
42 0.12036002685546875 0.44754015820312504 0.126460697265625 0.5812646927083334 0.15476234375 0.585417115234375 0.149551724609375 0.45085986328125 0.12036002685546875 0.44754015820312504
32 0.15304589208984376 0.42916678125 0.15316838037109376 0.5946027500000001 0.2064434150390625 0.60663303125 0.213907083984375 0.45647099218750004 0.15304589208984376 0.42916678125
31 0.22882401220703125 0.4191462786458333 0.22252844287109375 0.6076389908854166 0.28719214794921877 0.6376590078125001 0.28617627197265627 0.4370684361979167 0.22882401220703125 0.4191462786458333
31 0.30388869140625 0.4382161959635417 0.29744749853515623 0.6351709348958333 0.3550732651367188 0.6684718014322916 0.37101764013671873 0.44752511328125005 0.30388869140625 0.4382161959635417
28 0.36343142236328124 0.5411855865885417 0.35772316015625 0.6783825358072916 0.410176357421875 0.6931141165364583 0.42630483642578126 0.5546815859374999 0.36343142236328124 0.5411855865885417
29 0.43055922607421876 0.5594889824218751 0.416612388671875 0.7033932688802084 0.4790922568359375 0.7202725 0.48703526953125 0.5768983932291667 0.43055922607421876 0.5594889824218751
30 0.493011216796875 0.588927595703125 0.4815974057617188 0.7290492675781249 0.5477628276367188 0.7637883027343749 0.5740972426757812 0.6006686236979167 0.493011216796875 0.588927595703125
36 0.120076787109375 0.6262338997395833 0.1057926865234375 0.7845339283854167 0.1695445771484375 0.820926998046875 0.1782353056640625 0.6597682460937501 0.120076787109375 0.6262338997395833
35 0.1686673681640625 0.7078926243489584 0.1758202666015625 0.8271084029947917 0.25438714208984375 0.8698044726562499 0.25535773095703124 0.7381771536458334 0.1686673681640625 0.7078926243489584
36 0.2598243037109375 0.7478071725260417 0.2592345146484375 0.8793522278645832 0.3541023720703125 0.9234237246093749 0.359991095703125 0.7867949283854166 0.2598243037109375 0.7478071725260417
34 0.5698148745117187 0.9822935507812499 0.5837427099609375 0.9057910065104168 0.37164941455078127 0.7935770657552084 0.3611416879882812 0.9384957154947916 0.4396387451171875 0.9849377024739584 0.46567657177734373 0.9853791302083333 0.5698148745117187 0.9822935507812499
40 0.1843963994140625 0.9208647786458334 0.187405115234375 0.9806615039062501 0.25353946044921877 0.981782701171875 0.254083462890625 0.9562547643229166 0.1843963994140625 0.9208647786458334
39 0.135885873046875 0.97978808203125 0.17234959423828125 0.9804062630208333 0.16748748681640624 0.9101650891927083 0.1120681533203125 0.8688092285156249 0.12069856298828124 0.9667188248697917 0.135885873046875 0.97978808203125