5 0.0150860615234375 0.14461904752604168 0.0453504462890625 0.46058796289062504 0.100296626953125 0.4617642194010417 0.100513888671875 0.4575049602864583 0.0588665673828125 0.14618683854166667 0.0150860615234375 0.14461904752604168
8 0.07414583349609374 0.19166137565104166 0.10352877001953124 0.47548478841145836 0.15473859130859374 0.46984887565104166 0.12791641845703125 0.18656514518229164 0.07414583349609374 0.19166137565104166
8 0.1581808037109375 0.48371726171875 0.21077628955078126 0.4872453704427084 0.19255877978515626 0.1932294973958333 0.13313690478515625 0.19887268489583332 0.1581808037109375 0.48371726171875
7 0.2577889384765625 0.49704596549479163 0.247798611328125 0.23243154752604167 0.1981416171875 0.23399966927083335 0.2138125 0.48807076692708334 0.2577889384765625 0.49704596549479163
7 0.31537946435546876 0.50057407421875 0.3018630952148437 0.23635185156250002 0.2519122021484375 0.23870403450520836 0.26142460302734377 0.4980634921875 0.31537946435546876 0.50057407421875
6 0.47234424609375 0.20459821419270832 0.31455828369140626 0.21557473567708332 0.32005753955078126 0.5203998014322917 0.4464873510742188 0.505670634765625 0.47234424609375 0.20459821419270832
6 0.6593866567382812 0.5832906744791667 0.6940585317382812 0.3257328040364583 0.4760374501953125 0.30221130924479167 0.450108630859375 0.5268657408854166 0.6593866567382812 0.5832906744791667
0 0.11752008935546875 0.6751858463541667 0.10232242041015625 0.5876914680989583 0.0830870537109375 0.5877867063802084 0.09337028759765625 0.6790744049479166 0.11752008935546875 0.6751858463541667
42 0.16103125 0.6804632936197916 0.1395877978515625 0.5443607805989583 0.10815153759765625 0.5543604498697917 0.1208821923828125 0.6773290345052083 0.16103125 0.6804632936197916
32 0.2243201884765625 0.6982397486979166 0.22348735107421874 0.561026455078125 0.1518055556640625 0.5407248678385417 0.159157490234375 0.6868518515625 0.2243201884765625 0.6982397486979166
31 0.3156190478515625 0.72073842578125 0.31603521826171876 0.552693783203125 0.23921428564453126 0.5390833333333334 0.242076884765625 0.7039837962239583 0.3156190478515625 0.72073842578125
31 0.401202380859375 0.748792328125 0.42389459326171874 0.5774143515625 0.334998759765625 0.5599153437500001 0.32984920654296873 0.727306216796875 0.401202380859375 0.748792328125
28 0.4663821923828125 0.7912893515625 0.47741617041015627 0.657131283203125 0.40975520849609376 0.6357440475260416 0.4047586806640625 0.7771236770833333 0.4663821923828125 0.7912893515625
29 0.5374908232421876 0.802513888671875 0.5481083828125 0.6755777115885416 0.47887351171875 0.6610201718750001 0.4707222221679688 0.7851964283854166 0.5374908232421876 0.802513888671875
30 0.6068174604492188 0.8461223548177084 0.6203494545898437 0.701964947265625 0.5501904760742188 0.68196626953125 0.5393645834960937 0.8166798938802083 0.6068174604492188 0.8461223548177084
34 0.6389885830078125 1 0.6513799604492188 0.9451904759114583 0.4221656748046875 0.8704728834635417 0.41612822412109374 0.9735218255208333 0.47573482666015626 1 0.6389885830078125 1
36 0.4073665673828125 0.9767404101562499 0.40965674609375 0.8625810182291667 0.297860119140625 0.82675 0.30017534716796873 0.9405419973958334 0.4073665673828125 0.9767404101562499
35 0.292092013671875 0.9407903437499999 0.2887611606445312 0.825520171875 0.1884146826171875 0.7952440475260416 0.202407490234375 0.9034758600260416 0.292092013671875 0.9407903437499999
23 0.1132591767578125 0.7249708997395833 0.1151329365234375 0.8710727513020834 0.19428621044921876 0.9043088626302084 0.18758209326171876 0.7485803574218749 0.1132591767578125 0.7249708997395833
39 0.20074600732421874 1 0.19819965283203125 0.9843624335937501 0.1234603173828125 0.9468647486979167 0.13377349609375 1 0.20074600732421874 1