5 0.173278322265625 0.107073578125 0.15934160546875 0.045498651692708336 0.136971416015625 0.03916144205729167 0.11579050830078125 0.11174742187499999 0.11132510009765625 0.37952180273437497 0.1755329599609375 0.3849981614583333 0.173278322265625 0.107073578125
8 0.23987159033203126 0.38805728841145837 0.244311515625 0.17122675325520834 0.22566107470703126 0.09599597200520833 0.2021307724609375 0.090108484375 0.1812783935546875 0.14399450065104166 0.18025508984375 0.3816728391927083 0.23987159033203126 0.38805728841145837
8 0.30026258984375 0.39691908072916665 0.3089677983398437 0.18522392122395834 0.288963666015625 0.10141222135416667 0.26743579296875 0.100506208984375 0.243210462890625 0.174792515625 0.24349241943359376 0.3882977115885417 0.30026258984375 0.39691908072916665
7 0.35205797412109374 0.39671942122395837 0.365011654296875 0.22412199218749998 0.347527544921875 0.144116494140625 0.32989689404296874 0.142537412109375 0.3096772841796875 0.18890990299479168 0.30420997265625 0.3911163997395833 0.35205797412109374 0.39671942122395837
7 0.4000364975585938 0.3999051946614583 0.4177775864257813 0.22277348893229165 0.40727432080078124 0.1480836796875 0.38421230224609376 0.14614395442708333 0.365150599609375 0.20472323697916664 0.35671484228515626 0.39460272265625 0.4000364975585938 0.3999051946614583
6 0.5056947841796875 0.142488892578125 0.437079970703125 0.13450085286458333 0.4010070283203125 0.39875668033854167 0.49793460595703126 0.40397971419270834 0.5056947841796875 0.142488892578125
6 0.7007394501953125 0.23185849414062498 0.5714184790039063 0.22084533658854166 0.5394459697265624 0.4091619830729167 0.68564892578125 0.41037882421875 0.7007394501953125 0.23185849414062498
0 0.12020615087890625 0.5347266145833333 0.11774094189453126 0.6308582858072916 0.14865012158203125 0.6304847395833334 0.13945236328125 0.5316218046875 0.12020615087890625 0.5347266145833333
42 0.1924938662109375 0.6261182194010416 0.194273048828125 0.5595217096354167 0.18092370166015626 0.4870688359375 0.16258303759765624 0.4860187552083333 0.14772165478515625 0.54672670703125 0.15240172021484374 0.6283079309895833 0.1924938662109375 0.6261182194010416
32 0.2964785224609375 0.4838247265625 0.201695947265625 0.455697599609375 0.19883075048828125 0.62653898828125 0.28683642431640627 0.6287433606770834 0.2964785224609375 0.4838247265625
31 0.397566095703125 0.445656521484375 0.2995326806640625 0.4314675813802083 0.29149329248046874 0.626626662109375 0.37917264208984375 0.6348744850260416 0.397566095703125 0.445656521484375
31 0.48168962939453125 0.45245528125 0.39919233203125 0.43656969596354167 0.3849303154296875 0.6291920071614584 0.45094871435546874 0.6347885852864583 0.48168962939453125 0.45245528125
28 0.5240639516601563 0.5426041907552083 0.4720527915039063 0.5383895266927083 0.4652372373046875 0.6393762154947916 0.514251552734375 0.6402048509114583 0.5240639516601563 0.5426041907552083
29 0.5819351752929688 0.547659796875 0.5287943037109375 0.5391265924479166 0.516192365234375 0.637907806640625 0.5658509052734375 0.6436310475260417 0.5819351752929688 0.547659796875
30 0.6391619262695313 0.5478207805989583 0.5867878276367188 0.5419172259114583 0.5697985532226563 0.637828052734375 0.6238526508789063 0.6462694055989583 0.6391619262695313 0.5478207805989583
23 0.2276347060546875 0.6988047591145833 0.1219111708984375 0.6924357825520833 0.12130924560546875 0.867628548828125 0.22742005517578126 0.8710351015625001 0.2276347060546875 0.6988047591145833
35 0.34426534423828126 0.7429387506510418 0.23068523291015625 0.7390574511718749 0.234923005859375 0.8666814680989584 0.33696429833984376 0.861327103515625 0.34426534423828126 0.7429387506510418
36 0.46331070263671875 0.7423526582031249 0.35978544287109376 0.7415433691406249 0.342591697265625 0.8580618899739583 0.44760143603515623 0.8650345358072916 0.46331070263671875 0.7423526582031249
34 0.6550376840820312 0.7417401341145834 0.46900338037109374 0.7378784908854167 0.45814651806640627 0.85481778125 0.6224546098632813 0.8572368033854166 0.6550376840820312 0.7417401341145834
39 0.11783348291015625 0.9656499615885417 0.1190727021484375 0.986732751953125 0.2314227470703125 0.994192794921875 0.23319252001953125 0.9660317246093749 0.11783348291015625 0.9656499615885417
40 0.33535779931640625 1 0.3373706572265625 0.9547544589843749 0.2368868935546875 0.960709494140625 0.23747250537109374 0.994594498046875 0.31888067333984377 1 0.33535779931640625 1
37 0.43657183154296875 1 0.443628818359375 0.9217810794270833 0.34440574658203127 0.9254191028645833 0.34305268701171876 1 0.43657183154296875 1
38 0.5741982290039063 1 0.5851667299804687 0.9420961438802083 0.44575773681640624 0.9412409160156251 0.442325375 1 0.5741982290039063 1