5 0.2981770833333333 0.4150390625 0.1328125 0.32861328125
8 0.419921875 0.4033203125 0.11263020833333333 0.275390625
8 0.5006510416666666 0.37109375 0.10416666666666667 0.2607421875
7 0.5787760416666666 0.3564453125 0.072265625 0.22607421875
7 0.6490885416666666 0.330078125 0.072265625 0.2099609375
0 0.3951822916666667 0.72265625 0.061197916666666664 0.0791015625
42 0.4466145833333333 0.67529296875 0.072265625 0.10302734375
32 0.51953125 0.60107421875 0.109375 0.123046875
31 0.625 0.548828125 0.09895833333333333 0.12158203125
31 0.7109375 0.5048828125 0.09114583333333333 0.11572265625
28 0.763671875 0.50146484375 0.052083333333333336 0.0673828125
29 0.806640625 0.474609375 0.040364583333333336 0.06689453125
30 0.8483072916666666 0.447265625 0.040364583333333336 0.0654296875
23 0.474609375 0.80029296875 0.12825520833333334 0.06640625
35 0.587890625 0.72314453125 0.13606770833333334 0.08984375
36 0.6979166666666666 0.64599609375 0.09895833333333333 0.05859375
34 0.7923177083333334 0.58740234375 0.119140625 0.078125
39 0.5006510416666666 0.9033203125 0.13541666666666666 0.076171875
40 0.6028645833333334 0.818359375 0.10546875 0.0830078125
37 0.6842447916666666 0.7412109375 0.08528645833333333 0.07861328125
38 0.77734375 0.68505859375 0.11783854166666667 0.07373046875
6 0.8385935846354166 0.33511954345703127 0.8664454361979167 0.14044047607421875 0.7402718255208334 0.180358134765625 0.72882208984375 0.3900302578125 0.8385935846354166 0.33511954345703127