5 0.08274558738425926 0.32430555555555557 0.09607566550925925 0.3515914351851852
8 0.1547779224537037 0.34252748842592595 0.06629774305555558 0.30626446759259257
8 0.2211769386574074 0.33826678240740743 0.08040002893518516 0.3044994212962962
7 0.28784541377314815 0.35713252314814814 0.062098524305555514 0.2709056712962963
7 0.3459798177083333 0.35499131944444445 0.057602719907407396 0.26608796296296305
6 0.43959056712962963 0.33216869212962963 0.1366934317129629 0.2922309027777777
6 0.6107114438657407 0.36505353009259256 0.200734230324074 0.2336082175925925
42 0.1550925925925926 0.6427083333333333 0.04806134259259259 0.14393807870370376
32 0.223974609375 0.629173900462963 0.09387659143518517 0.16485821759259256
31 0.32429289641203707 0.6111689814814815 0.0883933738425926 0.18143807870370368
31 0.4220721209490741 0.6109157986111112 0.07233796296296302 0.18308738425925922
28 0.4882468894675926 0.6405671296296296 0.057866753472222254 0.12436342592592602
29 0.5511845341435185 0.6345558449074075 0.05288266782407414 0.11951678240740742
30 0.6128671151620371 0.6380714699074074 0.05719401041666661 0.13797743055555559
23 0.17252423321759258 0.844089988425926 0.11464482060185188 0.1777922453703701
35 0.28296260127314815 0.841456886574074 0.109400318287037 0.16122685185185168
36 0.40256980613425924 0.8333912037037038 0.11274594907407409 0.15817418981481465
34 0.5603208188657407 0.8256727430555556 0.19352936921296315 0.1727141203703703
39 0.19116572627314815 0.97890625 0.11328486689814815 0.028819444444444287
40 0.30149558738425924 0.9713903356481483 0.10258608217592591 0.030135995370370594
37 0.40611617476851847 0.9599754050925927 0.09646990740740735 0.040176504629629406
0 0.11302625868055556 0.6748625578703704 0.041894531250000006 0.10781249999999994