5 0.001825623046875 0.32861213671875 0.05603789013671875 0.5368648235677084 0.10607790380859375 0.5252754401041667 0.03125944189453125 0.24459086197916668 0.00628912841796875 0.25068943619791667 0.00176541943359375 0.31777550260416665 0.001825623046875 0.32861213671875
8 0.06447997412109376 0.291697921875 0.0518304287109375 0.32398595963541665 0.10481598828125 0.5262184615885417 0.1481925146484375 0.5200650572916666 0.101023642578125 0.30435166276041664 0.0843858984375 0.26334967252604163 0.05725760400390625 0.26996559635416667 0.06447997412109376 0.291697921875
8 0.13120169873046875 0.24937416406250001 0.10272513818359374 0.25568571484374997 0.110787931640625 0.28038548046875 0.09839975634765626 0.3056273958333333 0.1491003330078125 0.5198432890625 0.197070666015625 0.5100290065104166 0.151964388671875 0.29825501041666663 0.135958140625 0.275506224609375 0.13120169873046875 0.24937416406250001
7 0.18539020361328126 0.2659692734375 0.15855107470703125 0.272188548828125 0.16462990966796875 0.29198722591145837 0.154773189453125 0.30962880598958337 0.19657039404296875 0.5069774563802083 0.24000042236328126 0.4982723125 0.19825715234375 0.298371478515625 0.187676505859375 0.2914352532552083 0.18539020361328126 0.2659692734375
7 0.22721965576171874 0.247499435546875 0.2015659697265625 0.25374903710937496 0.20882182373046876 0.2792874505208333 0.195086630859375 0.2934332278645833 0.242463234375 0.5046529518229167 0.2905333798828125 0.49544903776041666 0.248397220703125 0.2873924049479167 0.23212222021484374 0.2774039739583333 0.22721965576171874 0.247499435546875
6 0.25147315673828124 0.2111071953125 0.248243474609375 0.28933422005208337 0.29169524169921873 0.4938957063802083 0.40701122607421875 0.46572548697916666 0.37715814697265626 0.31242933463541667 0.38682106201171873 0.25040347200520835 0.41285296923828124 0.24213995442708333 0.38071681982421873 0.17572611067708332 0.25147315673828124 0.2111071953125
6 0.3790293681640625 0.2986427649739583 0.4017962197265625 0.472077123046875 0.6156076293945313 0.43698369791666664 0.578731798828125 0.18540749674479165 0.5647983510742187 0.19042268294270834 0.387061560546875 0.24970996940104165 0.3790293681640625 0.2986427649739583
0 0.12105938946759259 0.7015697337962963 0.047435619212962965 0.10276331018518518
42 0.15216471354166666 0.6767626350308641 0.05498408564814816 0.1434172453703706
32 0.2062373408564815 0.6561173804012346 0.10805483217592593 0.2060474537037038
31 0.2856807002314815 0.6328944830246913 0.11455078124999996 0.23299093364197532
31 0.31333821728515626 0.521505685546875 0.34183076318359373 0.72914634765625 0.4148946083984375 0.7341485195312499 0.3978008544921875 0.6183588808593751 0.40379219287109375 0.5108940553385416 0.31333821728515626 0.521505685546875
28 0.43769169560185184 0.6668885030864198 0.08385778356481488 0.15627411265432092
29 0.5023347077546296 0.6596788194444444 0.08586154513888888 0.1654658564814815
30 0.5713957609953704 0.6568745177469136 0.0902994791666667 0.1734519675925926
23 0.22418354931640624 0.8403032760416668 0.22843737646484374 0.7884853125000001 0.1473779033203125 0.7937797278645834 0.1668976630859375 0.9545862734375 0.25054239697265623 0.9665246119791666 0.22418354931640624 0.8403032760416668
35 0.3240409453125 0.833047357421875 0.22272890576171875 0.8343114446614583 0.25462855029296877 0.9655264166666666 0.35558649169921874 0.9649835826822916 0.3240409453125 0.833047357421875
36 0.44906097998046873 0.8266268014322917 0.32886612548828126 0.8286373170572916 0.3505385869140625 0.9687557291666667 0.471957978515625 0.9778133834635416 0.44906097998046873 0.8266268014322917
34 0.6610897163085937 0.9929435384114583 0.6996079379882812 0.9835340299479167 0.6935690361328125 0.8405261542968749 0.4497718813476563 0.824483205078125 0.46842603173828123 0.9793109446614583 0.6610897163085937 0.9929435384114583