5 0.26948302469135804 0.4084129050925926 0.15553144290123458 0.3315646701388889
8 0.3920380015432099 0.3939887152777778 0.13166956018518525 0.2778935185185185
8 0.47499517746913583 0.3599681712962963 0.12219328703703702 0.2630570023148149
7 0.5541329089506172 0.34358362268518516 0.08789544753086413 0.22768012152777772
7 0.626268325617284 0.3156539351851852 0.08678144290123457 0.21156684027777772
0 0.34522087191358025 0.7138744212962963 0.06666666666666672 0.08046151620370368
42 0.39992766203703706 0.6653682002314815 0.07938850308641972 0.10463324652777772
32 0.4779755015432099 0.589529079861111 0.1178819444444444 0.1254774305555557
31 0.5870563271604938 0.5349392361111112 0.10736400462962958 0.12378110532407405
31 0.6760320216049384 0.48908420138888886 0.09914641203703696 0.11774811921296302
28 0.729002700617284 0.48449435763888893 0.05674189814814815 0.06854021990740744
29 0.773828125 0.4566840277777778 0.044989390432098965 0.06779152199074079
30 0.8173852237654321 0.42841435185185184 0.044888117283950514 0.06632667824074079
23 0.4192804783950617 0.78974609375 0.1328462577160495 0.06925636574074057
35 0.5378954475308642 0.7100802951388889 0.14227912808641965 0.09286747685185182
36 0.6532552083333334 0.6304868344907407 0.10300925925925923 0.06079282407407405
34 0.751707175925926 0.5697952835648148 0.12454185956790138 0.08077256944444455
39 0.4381992669753087 0.8921947337962963 0.14068287037037042 0.07918113425925921
40 0.5462866512345679 0.8049623842592593 0.11120756172839504 0.08535156250000009
37 0.6330005787037037 0.7260054976851852 0.09072145061728391 0.08050853587962958
38 0.729981674382716 0.6677842881944445 0.1229359567901233 0.07634910300925934
6 0.7278026210937499 0.16390764990234374 0.70185703515625 0.37383421142578127 0.8154248261718751 0.31648413037109374 0.8567359713541666 0.1211861328125 0.7278026210937499 0.16390764990234374