5 0.071046326171875 0 0.066867638671875 0.2835954485677083 0.1081105048828125 0.2886535865885417 0.1161714716796875 0 0.071046326171875 0
8 0.1549826181640625 0.028244860677083334 0.11821250048828125 0.024996352213541666 0.111010728515625 0.28919290625 0.15022558154296875 0.295769783203125 0.1549826181640625 0.028244860677083334
8 0.1967316259765625 0.025142608723958335 0.148606029296875 0.021739837239583334 0.14726303857421874 0.29833734244791665 0.18796473486328125 0.304762814453125 0.1967316259765625 0.025142608723958335
7 0.23050783740234376 0.05528879296875 0.1872248271484375 0.04948455794270833 0.1915527314453125 0.30706013671875 0.22477094384765625 0.30999484765625 0.23050783740234376 0.05528879296875
7 0.277886048828125 0.05042043033854166 0.2314434873046875 0.04942977994791667 0.224511341796875 0.31534806249999997 0.2737804174804688 0.3177201399739583 0.277886048828125 0.05042043033854166
6 0.28317838720703126 0.03784891666666667 0.2756285859375 0.3258057623697917 0.36154557275390625 0.32802040559895834 0.3852951420898437 0.04321633333333333 0.28317838720703126 0.03784891666666667
6 0.393407373046875 0.11716342708333333 0.365348451171875 0.3546455911458333 0.5521801591796875 0.38727895377604166 0.5843549301757812 0.12161043229166667 0.393407373046875 0.11716342708333333
0 0.10038274951171874 0.4107323404947916 0.09513979833984375 0.50127855859375 0.12121701611328126 0.506412009765625 0.11979333447265625 0.4123494973958333 0.10038274951171874 0.4107323404947916
42 0.12407353076171874 0.5078561087239584 0.14774865966796874 0.5135659446614583 0.14836369873046876 0.37950597135416664 0.1221878251953125 0.37549585221354165 0.12407353076171874 0.5078561087239584
32 0.2179601669921875 0.38056185026041667 0.1484546748046875 0.3616889869791667 0.15053728125 0.517773314453125 0.20928916845703124 0.5368278509114583 0.2179601669921875 0.38056185026041667
31 0.2223883056640625 0.35235906640625 0.21164115966796876 0.5412800755208333 0.2706342626953125 0.5767664661458333 0.27664171240234375 0.3645256529947916 0.2223883056640625 0.35235906640625
31 0.29001929296875 0.36639474609375 0.27817294189453123 0.57375423828125 0.3280748193359375 0.5976858209635417 0.35330301220703125 0.38714309114583334 0.29001929296875 0.36639474609375
28 0.34051765625 0.48956987044270833 0.3289907724609375 0.61842138671875 0.386071291015625 0.637328263671875 0.39889068701171876 0.5009516888020834 0.34051765625 0.48956987044270833
29 0.3986220239257813 0.5125285390625 0.38879007177734376 0.6445161386718751 0.44106648388671876 0.659729486328125 0.46035079736328127 0.5216602981770834 0.3986220239257813 0.5125285390625
30 0.4601479111328125 0.531385666015625 0.44168627734375 0.6720740618489583 0.5063202504882812 0.7080588040364583 0.5302931708984375 0.5477685234374999 0.4601479111328125 0.531385666015625
34 0.4972713623046875 0.9525328697916667 0.5122033706054687 0.8448422584635417 0.340989353515625 0.7326673242187499 0.33047393115234375 0.8625171738281251 0.4495794833984375 0.949596921875 0.49044411083984374 0.953207166015625 0.4972713623046875 0.9525328697916667
36 0.322613693359375 0.7218217845052083 0.24001084814453125 0.6786399947916667 0.2369161328125 0.8025775520833333 0.3183828032226563 0.8530648001302082 0.322613693359375 0.7218217845052083
35 0.15835744482421876 0.6349265436197916 0.16189390771484374 0.7462291412760417 0.2210903115234375 0.7884470950520833 0.21792796728515626 0.6710301393229167 0.15835744482421876 0.6349265436197916
23 0.11502032275390625 0.5552892526041667 0.09801295556640625 0.7002822044270833 0.14587800927734376 0.7385317376302084 0.17482714404296876 0.5815103782552083 0.11502032275390625 0.5552892526041667
39 0.150512572265625 0.9231754283854167 0.1596914140625 0.923986345703125 0.15161041796875 0.8218905006510416 0.1017180986328125 0.78757958984375 0.10861509912109375 0.8871296751302084 0.150512572265625 0.9231754283854167
40 0.170189841796875 0.8352048704427083 0.17139119580078124 0.9250199798177082 0.228622001953125 0.9300761171874999 0.22900935009765624 0.877943046875 0.170189841796875 0.8352048704427083
37 0.244085369140625 0.871430642578125 0.24042150634765624 0.9311185611979167 0.3183660830078125 0.9380046861979167 0.31889032666015626 0.9250399388020832 0.244085369140625 0.871430642578125