5 0.08848239111328125 0.4500724205729167 0.05042509912109375 0.13538955013020834 0.00211483154296875 0.12908201041666667 0.0259930556640625 0.45195304231770833 0.08848239111328125 0.4500724205729167
8 0.089422123046875 0.45822156054687496 0.15050198388671876 0.45446031770833334 0.10915575390625 0.16673247330729168 0.06696924609375 0.17419808203125 0.089422123046875 0.45822156054687496
8 0.14439409716796875 0.46323644205729164 0.20547395849609376 0.46511706380208334 0.1796324404296875 0.16359821419270834 0.1191346728515625 0.17607804231770832 0.14439409716796875 0.46323644205729164
7 0.2073531748046875 0.46072883593749997 0.25198859130859375 0.45383366406250003 0.23601364111328124 0.19682175911458333 0.19137847216796874 0.19995601822916667 0.2073531748046875 0.46072883593749997
7 0.25668700390625 0.46511706380208334 0.30602058544921873 0.4676243385416667 0.29239508935546876 0.19180687825520834 0.24461359130859375 0.19863591276041667 0.25668700390625 0.46511706380208334
6 0.43898660693359376 0.44505753971354167 0.4408660712890625 0.178642857421875 0.31158283740234377 0.17513822721354166 0.31917609130859376 0.45822156054687496 0.43898660693359376 0.44505753971354167
6 0.6354454365234375 0.456340939453125 0.6392041171875 0.251985119140625 0.4589149306640625 0.24187235481770833 0.44327901806640624 0.45759457682291665 0.6354454365234375 0.456340939453125
0 0.0998194443359375 0.6760072753906251 0.0800860615234375 0.5725753971354167 0.0542802578125 0.580242724609375 0.06552083349609375 0.685410052734375 0.0998194443359375 0.6760072753906251
42 0.1406959326171875 0.6760072753906251 0.1266006943359375 0.534963955078125 0.08600247998046875 0.54640575390625 0.10216865087890625 0.6810218255208333 0.1406959326171875 0.6760072753906251
32 0.224328373046875 0.6847830690104167 0.21540128955078125 0.5293224205729167 0.133938244140625 0.5172681881510417 0.1411659228515625 0.6841564153645834 0.224328373046875 0.6847830690104167
31 0.311719494140625 0.6866636907552084 0.3089002978515625 0.5029943782552083 0.2276951884765625 0.496589947265625 0.22996651806640625 0.6885443118489584 0.311719494140625 0.6866636907552084
31 0.4014598212890625 0.7023353177083332 0.412736111328125 0.5105165345052084 0.3256815478515625 0.496589947265625 0.3211163193359375 0.7117380950520834 0.4014598212890625 0.7023353177083332
28 0.4632872021484375 0.7125165345052084 0.46620734130859376 0.5871319446614583 0.40309151806640625 0.5907407408854167 0.4062095732421875 0.7103915345052084 0.4632872021484375 0.7125165345052084
29 0.52965625 0.7199546959635416 0.52885987109375 0.5991746028645833 0.4700079365234375 0.59020965625 0.46514533740234376 0.7174751985677084 0.52965625 0.7199546959635416
30 0.5994766865234376 0.7316431881510416 0.6031932045898437 0.6059041002604166 0.5369243549804688 0.5928650794270833 0.53231101171875 0.7263300266927083 0.5994766865234376 0.7316431881510416
34 0.4257490078125 0.811940806640625 0.4220322421875 0.9373253971354166 0.6267147817382812 0.968494708984375 0.6432735615234375 0.8334454361979167 0.4257490078125 0.811940806640625
36 0.40991145849609373 0.9330796959635417 0.41230059521484375 0.8087576061197916 0.299530505859375 0.7952073411458334 0.30026959326171876 0.9259960319010417 0.40991145849609373 0.9330796959635417
35 0.1794776787109375 0.7857351191406251 0.18930034716796876 0.9114738756510418 0.2952254462890625 0.9217457011718749 0.28797941455078124 0.7867099869791666 0.1794776787109375 0.7857351191406251
36 0.1836959326171875 0.9162556217447917 0.17891716259765625 0.7370337304687501 0.08683209326171876 0.7336018515624999 0.09423015869140625 0.8967751321614584 0.1836959326171875 0.9162556217447917