9 0.22135416666666666 0.69970703125 0.146484375 0.1259765625
9 0.3346354166666667 0.6611328125 0.12109375 0.1220703125
3 0.4270833333333333 0.6171875 0.07421875 0.13232421875
2 0.50390625 0.58447265625 0.06770833333333333 0.12841796875
1 0.5651041666666666 0.5595703125 0.056640625 0.11767578125
4 0.6236979166666666 0.53955078125 0.057291666666666664 0.1337890625
24 0.841796875 0.478515625 0.173828125 0.06396484375
27 0.3248697916666667 0.80517578125 0.09830729166666667 0.05517578125
27 0.4225260416666667 0.78515625 0.099609375 0.06640625
26 0.4908854166666667 0.7490234375 0.055338541666666664 0.05810546875
18 0.544921875 0.72314453125 0.06575520833333333 0.056640625
10 0.775390625 0.607421875 0.14778645833333334 0.0712890625
12 0.3828125 0.9072265625 0.07161458333333333 0.06103515625
14 0.4375 0.86865234375 0.06315104166666667 0.06396484375
15 0.4993489583333333 0.84033203125 0.06510416666666667 0.0458984375
11 0.5579427083333334 0.798828125 0.07096354166666667 0.06103515625
13 0.6171875 0.77099609375 0.055989583333333336 0.0556640625
16 0.6647135416666666 0.74267578125 0.056640625 0.04736328125
21 0.3225714283854167 0.5349164184570312 0.16224966927083334 0.2320615078125 0 0.2792413193359375 0.06978670638020833 0.59809226171875 0.3225714283854167 0.5349164184570312
20 0.4702476848958333 0.4423102680664063 0.3494566796875 0.17653174609375 0.15968518489583333 0.1959774306640625 0.302579365234375 0.5005287700195312 0.4702476848958333 0.4423102680664063
19 0.5598816139322916 0.3663472221679687 0.542756283203125 0.1431884921875 0.3774381614583333 0.188718998046875 0.46414847851562496 0.415313244140625 0.5598816139322916 0.3663472221679687
41 0.6942318118489584 0.3132889384765625 0.704120701171875 0.078251240234375 0.5468012565104167 0.1040374501953125 0.5592073411458334 0.3547743056640625 0.6942318118489584 0.3132889384765625
22 0.8136868385416666 0.2690059521484375 0.7016474869791667 0.13428075390625 0.709901455078125 0.33014484130859373 0.8136868385416666 0.2690059521484375
43 0.9022814153645834 0.2382425595703125 0.85060284375 0.07931820458984375 0.7661669973958333 0.11250545654296874 0.82715773828125 0.279704365234375 0.9022814153645834 0.2382425595703125
25 0.744524470703125 0.5548705356445313 0.7550436510416666 0.448625248046875 0.656664021484375 0.4863988095703125 0.6511160716145833 0.5827152778320313 0.744524470703125 0.5548705356445313
17 0.7298032408854166 0.6649072421875 0.6973928574218751 0.6051128471679688 0.5682129628906251 0.6648985615234375 0.583278439453125 0.7424310517578125 0.7298032408854166 0.6649072421875
33 0.7107010579427083 0.74160987109375 0.8426881614583334 0.661453869140625 0.8514457669270833 0.6412003969726563 0.7086299602864584 0.7206785712890625 0.7107010579427083 0.74160987109375