5 0.07207302517361111 0.3558810763888889 0.14414605034722222 0.3792438271604938
8 0.14940321180555555 0.3630280671296296 0.12807074652777778 0.3199845679012346
8 0.16869347705078125 0.20970765494791666 0.16328868115234374 0.2845581875 0.2064903994140625 0.5040715638020833 0.2653409921875 0.49078177864583333 0.22147533984375 0.24317063020833332 0.19547570751953125 0.20140346549479168 0.16869347705078125 0.20970765494791666
7 0.25872989599609375 0.22331238997395833 0.23397517138671875 0.22882332161458332 0.228009201171875 0.2704953776041667 0.26496448046875 0.4847284075520833 0.31252014697265623 0.47287854101562504 0.2848044965820313 0.2822598190104167 0.25872989599609375 0.22331238997395833
7 0.311628296875 0.2102002265625 0.290080833984375 0.21480019205729164 0.28090760302734374 0.25738321354166666 0.3117463447265625 0.470604365234375 0.3593022553710937 0.4587544407552084 0.3343741005859375 0.2650204713541667 0.311628296875 0.2102002265625
6 0.4039451552734375 0.17791996354166664 0.3312385341796875 0.19573937434895836 0.3298947451171875 0.2525657981770833 0.3597131655273437 0.4617285208333333 0.44739330078125 0.4274998600260416 0.4222529814453125 0.22890202213541666 0.4039451552734375 0.17791996354166664
6 0.457265080078125 0.42823867578124997 0.6107684750976563 0.38460032617187495 0.5917853520507812 0.20727457356770831 0.4432994873046875 0.24230629622395836 0.4330072734375 0.28594126627604166 0.457265080078125 0.42823867578124997
0 0.168973029296875 0.7757528821614583 0.1455769560546875 0.6995884661458334 0.13361843017578126 0.6729312083333333 0.11338511669921875 0.6795541106770834 0.1280403583984375 0.798936791015625 0.168973029296875 0.7757528821614583
42 0.14580990087890625 0.69461976953125 0.16528133984375 0.7723256022135416 0.20574792138671874 0.7590794700520833 0.1852768955078125 0.6674823177083334 0.166048568359375 0.6148284420572917 0.141852513671875 0.6193905130208334 0.14818763134765625 0.648605048828125 0.14580990087890625 0.69461976953125
32 0.2730886694335937 0.5576728118489583 0.17781465673828126 0.5752063606770833 0.186811125 0.665277337890625 0.21104263818359376 0.7541431888020833 0.2932639555664063 0.7236612506510417 0.29071631982421875 0.7052220188802084 0.2730886694335937 0.5576728118489583
31 0.2987915717773437 0.713755947265625 0.3833688935546875 0.6870168626302083 0.35820783984375 0.49825191406249997 0.2577414091796875 0.5256206627604166 0.27202032958984373 0.5499403990885416 0.2987915717773437 0.713755947265625
31 0.4071072048611111 0.5749758873456791 0.1064670138888889 0.21261574074074074
28 0.47337239583333335 0.5984809027777778 0.0830403645833333 0.13824749228395058
29 0.5224283854166667 0.5803385416666668 0.07394748263888884 0.12852527006172831
30 0.5734592013888888 0.5616801697530864 0.07740885416666687 0.13006365740740744
23 0.2418683486328125 1 0.29456319873046877 0.975144900390625 0.2452720791015625 0.8014025976562501 0.141659775390625 0.8467661165364584 0.18349409228515626 0.94990003515625 0.182481845703125 1 0.2418683486328125 1
35 0.29663941748046874 0.973534455078125 0.3941693383789063 0.92407982421875 0.3739322016601562 0.7875889654947916 0.2607870068359375 0.8388267916666666 0.29663941748046874 0.973534455078125
36 0.3937584282226563 0.921105744140625 0.4939255620117188 0.8740991979166667 0.47810589892578126 0.7396358118489584 0.3765958466796875 0.7869037473958334 0.3937584282226563 0.921105744140625
34 0.47581113037109374 0.734672044921875 0.4921100126953125 0.865951044921875 0.6397508837890625 0.8064998235677083 0.638308501953125 0.67210976953125 0.6416577568359375 0.667234126953125 0.47581113037109374 0.734672044921875
37 0.5098362666015624 1 0.4977354921875 0.923304703125 0.4049396689453125 0.9812351490885417 0.4085155166015625 1 0.5098362666015624 1
38 0.6176227358398437 1 0.63370359765625 0.989837349609375 0.6255798530273438 0.8811264641927083 0.4984075595703125 0.945638712890625 0.506339333984375 1 0.6176227358398437 1