5 0.13277434228515625 0 0.11073108203125 0.230878306640625 0.1535436181640625 0.254158400390625 0.176328994140625 0 0.13277434228515625 0
8 0.1731801640625 0 0.15410937255859375 0.25810508854166664 0.19161640380859374 0.2740362174479167 0.2134402822265625 0 0.1731801640625 0
8 0.2178808564453125 0 0.18858969677734375 0.274022078125 0.23138355078125 0.29760922200520834 0.2582606875 0.0012727669270833333 0.254654275390625 0 0.2178808564453125 0
7 0.259723126953125 0.02988421809895833 0.23153666064453124 0.29561840624999997 0.268632712890625 0.3102656171875 0.302291744140625 0.041509020833333334 0.259723126953125 0.02988421809895833
7 0.3015372216796875 0.03983409700520833 0.2676741416015625 0.310857298828125 0.3203132797851562 0.3222056100260417 0.348173263671875 0.04855109635416666 0.3015372216796875 0.03983409700520833
6 0.3576202275390625 0.01669810416666667 0.3181841079101563 0.32797996158854165 0.4231054765625 0.3560972682291667 0.48702063916015625 0.056069006510416665 0.3576202275390625 0.01669810416666667
6 0.4739769809570312 0.138433859375 0.4193346396484375 0.37605890625 0.63513774609375 0.4584691998697917 0.6722310087890625 0.18170277278645833 0.4739769809570312 0.138433859375
0 0.1211081279296875 0.38283696484375 0.11361400830078125 0.46720370638020836 0.13791722802734374 0.47530100520833335 0.1397823076171875 0.383653775390625 0.1211081279296875 0.38283696484375
42 0.148489296875 0.34490650455729166 0.13720040234375 0.4791626979166667 0.16424040625 0.49086451953125 0.17650381494140624 0.35602097330729165 0.148489296875 0.34490650455729166
32 0.1827038515625 0.335443123046875 0.16150361669921875 0.49954726888020834 0.21186071044921875 0.525753783203125 0.2384840234375 0.37883034700520835 0.1827038515625 0.335443123046875
31 0.25782802392578125 0.34581062565104165 0.22740318701171874 0.5310615559895834 0.28653827490234374 0.57816109765625 0.31139839697265626 0.37895294075520836 0.25782802392578125 0.34581062565104165
31 0.32850821435546873 0.3848374173177083 0.2968509990234375 0.5784415514322917 0.348706017578125 0.6269090078125 0.3927142822265625 0.4120572819010417 0.32850821435546873 0.3848374173177083
28 0.3732528701171875 0.5029123828125001 0.350010701171875 0.6374480514322917 0.3992189404296875 0.666113365234375 0.432773060546875 0.5331444876302084 0.3732528701171875 0.5029123828125001
29 0.43629871240234375 0.5390522265625001 0.40416508935546874 0.6780323131510416 0.462865841796875 0.711514287109375 0.489081439453125 0.5714512356770833 0.43629871240234375 0.5390522265625001
30 0.49335378759765625 0.5849825143229167 0.4641756279296875 0.7208899322916666 0.5241657475585938 0.773071962890625 0.5708452192382812 0.6183543372395833 0.49335378759765625 0.5849825143229167
36 0.125185232421875 0.5220503450520834 0.0908678388671875 0.6752170540364584 0.14829322998046876 0.7283927506510417 0.1775292392578125 0.5708921106770833 0.125185232421875 0.5220503450520834
35 0.162005173828125 0.6160557174479167 0.1536112255859375 0.736204787109375 0.2246590283203125 0.7996012845052083 0.24256739111328124 0.6693198066406251 0.162005173828125 0.6160557174479167
36 0.24567829248046874 0.6800672434895834 0.22815155517578126 0.8103691751302083 0.3149046318359375 0.8794977311197917 0.3382494130859375 0.7455738860677084 0.24567829248046874 0.6800672434895834
34 0.5227991938476563 0.9793462044270833 0.5409222436523438 0.9235444134114584 0.3487344462890625 0.7554240175781249 0.3198209296875 0.89633163671875 0.39031797314453126 0.9634244446614583 0.4539557890625 0.9820659440104166 0.5227991938476563 0.9793462044270833
40 0.14988490576171876 0.8314858307291666 0.14511043798828124 0.8915955156250001 0.20940257763671874 0.9104286868489583 0.213222376953125 0.8852570944010417 0.14988490576171876 0.8314858307291666
39 0.09502628955078125 0.8769243079427084 0.13047429638671876 0.8873081334635416 0.1347889169921875 0.8163435227864584 0.08612172998046876 0.7604787473958333 0.08191307275390625 0.8598932962239583 0.09502628955078125 0.8769243079427084