5 0.12032961328125 0.379100529296875 0.09156448388671876 0.07376851822916666 0.04862797607421875 0.078565806640625 0.0742579365234375 0.36868055533854166 0.12032961328125 0.379100529296875
8 0.16115104150390624 0.38756646809895834 0.13238566455078124 0.11186441796875 0.09156448388671876 0.11017129622395833 0.12159871044921874 0.38276917968749996 0.16115104150390624 0.38756646809895834
8 0.20429910693359374 0.3991362434895833 0.1768028271484375 0.103962962890625 0.1361396328125 0.10169047591145834 0.15818997998046874 0.388413029296875 0.20429910693359374 0.3991362434895833
7 0.24300520849609375 0.400829365234375 0.22714211328125 0.13048908723958333 0.183423611328125 0.13130886263020833 0.2040875498046875 0.397161044921875 0.24300520849609375 0.400829365234375
7 0.2956875 0.39772552929687505 0.273267361328125 0.12428108463541666 0.2261006943359375 0.129078373046875 0.24217559521484375 0.40167592578125005 0.2956875 0.39772552929687505
6 0.4023125 0.4013938489583333 0.4103497021484375 0.092111111328125 0.27672197412109373 0.09068915364583334 0.29465401806640623 0.4039335319010417 0.4023125 0.4013938489583333
6 0.628140873046875 0.44045899479166667 0.6141812998046875 0.161370701171875 0.4125443950195313 0.17573677278645836 0.40224851171875 0.4218343255208334 0.628140873046875 0.44045899479166667
0 0.1451798115234375 0.5981157408854166 0.130374255859375 0.5086607141927083 0.11197271826171876 0.5131759257812499 0.11995510888671874 0.5971666666666667 0.1451798115234375 0.5981157408854166
42 0.173733630859375 0.605735119140625 0.16125446435546875 0.47141137565104163 0.13185466259765624 0.4685896165364583 0.1451798115234375 0.6020664680989584 0.173733630859375 0.605735119140625
32 0.226611111328125 0.62605291015625 0.2259764384765625 0.4759265872395833 0.16358110107421875 0.4496825397135417 0.1726339287109375 0.6149378307291666 0.226611111328125 0.62605291015625
31 0.3091145834960938 0.65567791015625 0.29726984130859374 0.45532109765625 0.23889335302734374 0.43838955013020836 0.242766369140625 0.6267853834635416 0.3091145834960938 0.65567791015625
31 0.3787261904296875 0.6853078704427084 0.3827596728515625 0.4643296959635417 0.315061755859375 0.4561676588541667 0.31924578369140627 0.6530188489583334 0.3787261904296875 0.6853078704427084
28 0.43521403759765626 0.70899041015625 0.44388591259765625 0.570434193359375 0.3802217260742187 0.5580175266927083 0.3819136904296875 0.695163029296875 0.43521403759765626 0.70899041015625
29 0.5056641865234375 0.734952380859375 0.505875744140625 0.591598544921875 0.44840401806640623 0.5751643515625 0.4422113095703125 0.7191494707031251 0.5056641865234375 0.734952380859375
30 0.576751736328125 0.7772582669270833 0.5943070434570312 0.6138687167968749 0.5125069443359375 0.6035135579427083 0.5086455854492188 0.7436772486979167 0.576751736328125 0.7772582669270833
36 0.2012433037109375 0.84074041015625 0.2012433037109375 0.6796084654947917 0.141217013671875 0.6470952382812499 0.13546378955078126 0.8054662695312499 0.2012433037109375 0.84074041015625
35 0.28880828369140626 0.888128306640625 0.28267460302734376 0.7566266536458334 0.19426364111328126 0.7278429231770834 0.20785887890625 0.8468088626302084 0.28880828369140626 0.888128306640625
36 0.3915166171875 0.9400009921875 0.3900359624023437 0.8034199733072916 0.2876654267578125 0.7661706347656251 0.29417584326171875 0.8975836640625 0.3915166171875 0.9400009921875
34 0.6100002407226562 1 0.6204325395507813 0.9184983463541667 0.4020719248046875 0.8099973548177083 0.39937648828125 0.9549375000000001 0.4804582094726563 1 0.6100002407226562 1
40 0.2940043369140625 1 0.2931708828125 0.97449041015625 0.22150446435546875 0.940318783203125 0.2277439814453125 1 0.2940043369140625 1
39 0.2126597744140625 1 0.204001240234375 0.9299169973958333 0.14629464306640624 0.8895443118489584 0.16021875 0.9872020501302083 0.17612657568359374 1 0.2126597744140625 1