21 0.132421875 0.473365162037037 0.16731770833333331 0.29054783950617286
20 0.23868815104166669 0.4625458140432099 0.14430338541666665 0.2876591435185185
19 0.3286458333333333 0.45643807870370373 0.13460286458333326 0.2590904706790124
41 0.417626953125 0.43079909336419747 0.138671875 0.2723476080246912
22 0.5244954427083334 0.4028284143518519 0.14485677083333326 0.28899498456790135
43 0.62041015625 0.42340856481481487 0.09638671874999982 0.19546199845679002
9 0.21292317708333336 0.7549913194444443 0.08264973958333333 0.15428722993827174
9 0.27115885416666663 0.7421489197530864 0.08320312500000004 0.15562307098765427
3 0.3232096354166667 0.7321228780864198 0.0751627604166667 0.16998939043209868
2 0.36572265625 0.7211130401234568 0.07636718750000004 0.1746141975308643
1 0.4085611979166667 0.7312114197530865 0.062369791666666674 0.14769483024691374
4 0.44220377604166666 0.703368537808642 0.07750651041666667 0.18766878858024683
25 0.5077962239583333 0.7160132137345679 0.09726562499999991 0.1449170524691358
24 0.6169270833333333 0.7186921296296296 0.13749999999999996 0.14185956790123466
27 0.2781901041666667 0.9217013888888889 0.06793619791666661 0.14224054783950604
27 0.33072916666666663 0.9311728395061728 0.07242838541666674 0.11530189043209867
26 0.38209635416666665 0.9318045910493827 0.04361979166666674 0.08411458333333321
18 0.43474934895833334 0.928956886574074 0.05572916666666672 0.09273726851851845
17 0.5252766927083333 0.909912712191358 0.11126302083333339 0.12317708333333321
10 0.6333984374999999 0.8924093364197532 0.1258789062500001 0.1332706404320986
13 0.5023600260416667 0.994654224537037 0.05035807291666661 0.010691550925926071