5 0.08599503955078125 0.374441798828125 0.067907986328125 0.07391865104166666 0.0227197421875 0.078817791015625 0.0443524306640625 0.373039021484375 0.08599503955078125 0.374441798828125
8 0.08893948388671875 0.374722552734375 0.12868948388671875 0.377809193359375 0.10997122998046875 0.112080357421875 0.07295535693359376 0.112080357421875 0.08893948388671875 0.374722552734375
8 0.12595535693359375 0.38061507942708334 0.16717733154296874 0.3834212962239583 0.15140352197265625 0.10534589973958335 0.10303075390625 0.10618783072916667 0.12595535693359375 0.38061507942708334
7 0.17096304541015625 0.3853852513020833 0.20440327392578125 0.3853852513020833 0.1877884423828125 0.13228339973958333 0.14404241064453124 0.13031944466145834 0.17096304541015625 0.3853852513020833
7 0.20461359130859375 0.3907169309895833 0.2540381943359375 0.38875264518229163 0.23468898828125 0.12330423307291666 0.1882090771484375 0.126390873046875 0.20461359130859375 0.3907169309895833
6 0.3426133432617188 0.39127810872395835 0.3413514384765625 0.1067490078125 0.23887276806640625 0.110373015625 0.25659375 0.39660945768229167 0.3426133432617188 0.39127810872395835
6 0.5382433037109375 0.43334391536458333 0.547076388671875 0.16705390234374998 0.35594246044921873 0.17937367708333332 0.34874801611328127 0.41734986783854167 0.5382433037109375 0.43334391536458333
0 0.11819171630859375 0.5892506614583334 0.108517361328125 0.496090939453125 0.088985615234375 0.49618783072916667 0.09169196435546875 0.5864444446614584 0.11819171630859375 0.5892506614583334
42 0.13417584326171875 0.46101587304687497 0.10767609130859375 0.4593323411458334 0.121171875 0.5904325397135416 0.14532266845703126 0.5940208333333333 0.13417584326171875 0.46101587304687497
32 0.1484774306640625 0.59794907421875 0.20883829345703125 0.6116984127604167 0.2037906748046875 0.45596527799479164 0.13270362109375 0.44333829361979166 0.1484774306640625 0.59794907421875
31 0.27362177587890624 0.6459318782552084 0.26100272802734376 0.43492030403645837 0.20573983154296874 0.4276078040364583 0.211578373046875 0.61590773828125 0.27362177587890624 0.6459318782552084
31 0.3328363095703125 0.6616455026041667 0.33956646826171877 0.45063392838541666 0.274530009765625 0.4356018515625 0.28088814501953124 0.642284060546875 0.3328363095703125 0.6616455026041667
28 0.394248759765625 0.6958786373697916 0.3950900297851562 0.5595069446614583 0.33578075390625 0.5533336640625001 0.3355704365234375 0.682129298828125 0.394248759765625 0.6958786373697916
29 0.45115054541015626 0.7132761243489583 0.45830133935546874 0.5746593912760417 0.3958373017578125 0.5710115742187499 0.39759523828125 0.7027688489583334 0.45115054541015626 0.7132761243489583
30 0.5205746528320313 0.75548842578125 0.5304595732421875 0.594423611328125 0.458951884765625 0.58432208984375 0.4528526787109375 0.7254642858072917 0.5205746528320313 0.75548842578125
34 0.53291928125 1 0.53845163671875 0.890625 0.3575791171875 0.7943789680989584 0.35846676611328127 0.9240760579427083 0.48508480419921873 1 0.53291928125 1
36 0.259750248046875 0.872829365234375 0.3455592758789062 0.9157612434895833 0.3382715771484375 0.7852331347656251 0.251968501953125 0.7496458333333332 0.259750248046875 0.872829365234375
35 0.24270163671875 0.860202380859375 0.2292415673828125 0.74403373046875 0.16656721240234376 0.71344808203125 0.17986458349609374 0.8235201718749999 0.24270163671875 0.860202380859375
23 0.16319047607421874 0.8172896822916668 0.17833308544921875 0.65903075390625 0.1162896826171875 0.6382665345052083 0.11202083349609375 0.7835502643229167 0.16319047607421874 0.8172896822916668
39 0.19325924755859375 1 0.17622991064453125 0.8994566796875 0.12338070458984375 0.86980092578125 0.13900396826171876 0.9679232805989583 0.18401905859375 1 0.19325924755859375 1
40 0.2626505380859375 1 0.25846378955078125 0.9482642194010417 0.19595758935546875 0.9110330690104167 0.20503722607421876 1 0.2626505380859375 1
37 0.3529944296875 1 0.3523807045898438 0.987096560546875 0.272952380859375 0.9404847884114583 0.2745289052734375 1 0.3529944296875 1