21 0.06413122106481482 0.3603322723765432 0.10500940393518518 0.27705922067901234
20 0.15422815393518519 0.351586612654321 0.0927734375 0.2708863811728395
19 0.22741066261574075 0.35654176311728397 0.08977141203703703 0.2576340663580246
41 0.31808991608796294 0.3308304398148148 0.10408709490740742 0.2867476851851851
22 0.43851092303240746 0.31057822145061725 0.12474320023148144 0.31506076388888893
43 0.5291395399305555 0.33790750385802465 0.08665364583333335 0.2235484182098766
9 0.08520146122685185 0.6528091242283951 0.07025824652777779 0.17149402006172831
9 0.13767361111111112 0.6519169560185185 0.0620044849537037 0.1793016975308642
3 0.1828757957175926 0.6418378665123456 0.050343605324074114 0.18879243827160508
2 0.22144639756944445 0.6394410686728395 0.059212239583333326 0.203809799382716
1 0.26333550347222223 0.6546778549382716 0.05612340856481479 0.1749324845679013
4 0.30493706597222225 0.6338204089506173 0.07005570023148144 0.22288773148148136
25 0.37116789641203707 0.6601490162037037 0.0863932291666667 0.1766734182098766
24 0.4260128583984375 0.6450235572916666 0.40943735498046874 0.7355415865885417 0.5572189736328125 0.736936666015625 0.557364033203125 0.6351186236979166 0.4260128583984375 0.6450235572916666
27 0.086334076171875 0.7749377005208333 0.11505477490234375 0.9165960006510416 0.15076091650390624 0.9198850162760417 0.12412880810546875 0.7773627923177083 0.086334076171875 0.7749377005208333
27 0.167236328125 0.8653067129629629 0.06080729166666665 0.1395109953703703
26 0.22084599247685183 0.8792920524691358 0.047468171296296324 0.11047453703703702
18 0.26737919560185186 0.8931857638888889 0.048451967592592626 0.11185378086419757
17 0.324470810546875 0.8389396178385417 0.30514166162109374 0.932509224609375 0.414559439453125 0.9558607063802084 0.42162894091796876 0.8653962884114583 0.324470810546875 0.8389396178385417
10 0.520667 0.9584219212239583 0.5590256264648438 0.9482138053385416 0.5544748227539062 0.8555287233072916 0.4384619541015625 0.8516135481770833 0.42086078271484373 0.9555402233072917 0.4745066328125 0.96206916015625 0.520667 0.9584219212239583