21 0.10221354166666667 0.23828125 0.17057291666666666 0.19775390625
20 0.2786458333333333 0.21435546875 0.14973958333333334 0.248046875
19 0.41796875 0.21728515625 0.169921875 0.2197265625
41 0.5696614583333334 0.21435546875 0.162109375 0.22998046875
22 0.7102864583333334 0.2333984375 0.16145833333333334 0.205078125
43 0.845703125 0.25244140625 0.134765625 0.15185546875
9 0.08723958333333333 0.486328125 0.103515625 0.15966796875
9 0.18880208333333334 0.490234375 0.10807291666666667 0.1513671875
3 0.275390625 0.48291015625 0.078125 0.16650390625
2 0.349609375 0.48046875 0.0859375 0.16357421875
1 0.4173177083333333 0.49169921875 0.059244791666666664 0.1357421875
4 0.4811197916666667 0.4755859375 0.06640625 0.1748046875
25 0.5794270833333334 0.505859375 0.13736979166666666 0.12353515625
24 0.7727864583333334 0.5263671875 0.21028645833333334 0.09423828125
27 0.16015625 0.65673828125 0.08333333333333333 0.130859375
27 0.23763020833333334 0.6923828125 0.095703125 0.111328125
26 0.3216145833333333 0.69580078125 0.05859375 0.08642578125
18 0.3802083333333333 0.693359375 0.07161458333333333 0.08642578125
17 0.5143229166666666 0.703125 0.18684895833333334 0.08544921875
10 0.7037760416666666 0.69677734375 0.1796875 0.083984375
12 0.17122395833333334 0.84912109375 0.078125 0.0625
14 0.23763020833333334 0.8310546875 0.07356770833333333 0.087890625
15 0.3125 0.84326171875 0.068359375 0.06298828125
11 0.3860677083333333 0.82373046875 0.07552083333333333 0.09521484375
13 0.4609375 0.82958984375 0.06901041666666667 0.08837890625
16 0.5345052083333334 0.83447265625 0.06966145833333333 0.0673828125
33 0.7057291666666666 0.84765625 0.23307291666666666 0.0361328125