5 0.08799370659722222 0.15737123842592593 0.10860460069444444 0.3114149305555556
8 0.15359700520833333 0.1713324652777778 0.10063295717592591 0.3194685570987654
8 0.22256763599537036 0.18416039737654322 0.10970775462962962 0.3147183641975309
7 0.2854365596064815 0.21553096064814814 0.08487774884259258 0.27775366512345673
7 0.337523509837963 0.22655044367283952 0.0874204282407407 0.2804783950617284
6 0.4434678819444444 0.23145736882716048 0.1739076967592592 0.3113908179012346
6 0.6166160300925926 0.30401234567901236 0.22286603009259265 0.2670235339506173
0 0.09208622685185186 0.5195071373456791 0.0578812210648148 0.12241994598765427
42 0.1379195601851852 0.5013020833333334 0.06317997685185184 0.15842013888888884
32 0.20968424479166667 0.5045211226851852 0.11728153935185187 0.1961805555555555
31 0.3134693287037037 0.5102961033950617 0.12821180555555556 0.22661072530864187
31 0.4061179832175926 0.5304663387345679 0.10099464699074079 0.228515625
28 0.47923538773148144 0.5935329861111112 0.0795862268518519 0.1416859567901234
29 0.5455964265046296 0.6081814236111112 0.07760778356481479 0.14093846450617273
30 0.6158637152777777 0.623022762345679 0.08107638888888902 0.14240933641975304
23 0.13730287905092592 0.7423442322530865 0.13613281249999998 0.2172550154320986
36 0.3821976273148148 0.8051215277777778 0.1474211516203704 0.20676601080246915
34 0.5616102430555556 0.8445216049382717 0.2491210937499999 0.2403790509259259
39 0.14641203703703703 0.9201871141975309 0.1203342013888889 0.07417052469135814
40 0.2642162181712963 0.9480975115740741 0.11470992476851849 0.06739486882716032
37 0.38314344618055557 0.9638792438271605 0.11418909143518519 0.07224151234567906
38 0.5272388599537037 0.9804084683641975 0.16880787037037037 0.03918306327160496
35 0.2559787326388889 0.7738715277777778 0.1420826099537037 0.19480613425925922