5 0.13141276041666666 0.17720389660493827 0.12389322916666667 0.35440779320987653
8 0.20519205729166665 0.20190731095679013 0.10712890624999999 0.3111738040123457
8 0.3041643291015625 0.10924644205729167 0.29053997021484373 0.06047325651041666 0.26315706396484373 0.059931298828125 0.23860131298828124 0.13067396223958333 0.2222019931640625 0.35706397265624995 0.281083220703125 0.36305512434895837 0.3041643291015625 0.10924644205729167
7 0.33017213525390626 0.36083906510416663 0.353641818359375 0.16738917252604166 0.3444147368164063 0.10195702408854167 0.3196677333984375 0.09936019986979167 0.30321183203125 0.13779768619791666 0.2823028583984375 0.35707324023437503 0.33017213525390626 0.36083906510416663
7 0.37790431494140625 0.36215494986979163 0.4048093916015625 0.16658196614583334 0.3976440380859375 0.10621273697916667 0.37615451708984377 0.10376165169270833 0.3564411337890625 0.1420533984375 0.33003479296875 0.3583891041666667 0.37790431494140625 0.36215494986979163
6 0.46899591455078127 0.36012185026041665 0.496966068359375 0.15977139388020833 0.4929822177734375 0.10454070442708334 0.41987350439453125 0.09849513541666667 0.4038297138671875 0.15308718033854166 0.37751787158203126 0.36516630729166666 0.46899591455078127 0.36012185026041665
6 0.5133016279296875 0.17949470312500002 0.49226082568359375 0.218446421875 0.47810095556640625 0.3640006979166666 0.6340179848632812 0.3709387708333333 0.6622549497070312 0.19315831184895835 0.5133016279296875 0.17949470312500002
0 0.08888024755859375 0.49714018750000005 0.0716359248046875 0.617429869140625 0.11621522705078124 0.6080990227864583 0.1139881962890625 0.5268547317708333 0.10965819384765625 0.4972114173177083 0.08888024755859375 0.49714018750000005
42 0.13133673486328126 0.448008853515625 0.12970560595703126 0.47832621158854166 0.11549973583984376 0.5221183990885417 0.1136297138671875 0.6035975006510417 0.1551856484375 0.6037396295572917 0.15972682861328125 0.5084898131510417 0.1553108271484375 0.45134538997395834 0.13133673486328126 0.448008853515625
32 0.24681849755859375 0.597490783203125 0.2492144375 0.578820431640625 0.2709843217773438 0.430305740234375 0.17669612744140625 0.41675149934895833 0.1617451806640625 0.5068464778645834 0.1614559013671875 0.600656763671875 0.24681849755859375 0.597490783203125
31 0.26486582080078125 0.394352830078125 0.2719890493164063 0.42247640690104166 0.25460033251953124 0.58967125390625 0.3412084350585938 0.5908843235677084 0.3666019306640625 0.40004800325520834 0.26486582080078125 0.394352830078125
31 0.39267578125 0.4900896990740741 0.09391276041666674 0.20271508487654324
28 0.44892578125000004 0.5340711805555555 0.07513020833333339 0.1290509259259259
29 0.49991861979166663 0.5322024498456791 0.06689453125 0.12020158179012341
30 0.5528483072916667 0.5305627893518517 0.06988932291666661 0.12164834104938264
23 0.181402732421875 0.6573851640625 0.07202415869140626 0.66810546484375 0.084602546875 0.781371875 0.062727421875 0.8567573626302084 0.18264154736328125 0.8414083333333333 0.181402732421875 0.6573851640625
35 0.30616634716796876 0.6852400670572917 0.18628209326171874 0.6985933313802084 0.1850157265625 0.840514345703125 0.28972988232421876 0.8238836471354167 0.30616634716796876 0.6852400670572917
36 0.4167470947265625 0.672192232421875 0.3088531474609375 0.6854301835937501 0.29011632568359375 0.8208722890625001 0.396677544921875 0.8074570846354167 0.4167470947265625 0.672192232421875
34 0.5851856020507813 0.6581476529947917 0.5896078627929687 0.6545000625 0.4158767685546875 0.6666506490885417 0.3970866728515625 0.798985759765625 0.5515946943359376 0.7887341953125001 0.5851856020507813 0.6581476529947917
40 0.17984057373046874 0.9169358007812499 0.17733373193359375 0.9531545768229166 0.28182620849609374 0.9627048424479167 0.288070025390625 0.8913995091145833 0.17984057373046874 0.9169358007812499
37 0.28500955615234375 0.8826762109374999 0.27876570166015624 0.9624251217447917 0.374899705078125 0.9712114505208334 0.387469380859375 0.85632165625 0.28500955615234375 0.8826762109374999
38 0.4579931376953125 0.9749139192708333 0.49822083837890624 0.964314427734375 0.5188411860351563 0.856450869140625 0.38229417138671873 0.8781621210937499 0.37109316162109374 0.9708635449218751 0.43034708203125 0.97627915625 0.4579931376953125 0.9749139192708333