5 0.03754141845703125 0.056300925781250004 0.06076289697265625 0.3928594576822917 0.11804265869140625 0.3885734127604166 0.09714335302734375 0.054236111328125 0.03754141845703125 0.056300925781250004
8 0.10101364111328125 0.10172586002604167 0.121138888671875 0.40008630924479166 0.1737743056640625 0.39595667968750003 0.1521009423828125 0.09346693098958332 0.10101364111328125 0.10172586002604167
8 0.1536490576171875 0.09966137565104166 0.1714521328125 0.401118716796875 0.228344990234375 0.3988941796875 0.21789533740234374 0.097596560546875 0.1536490576171875 0.09966137565104166
7 0.221765376953125 0.13063293619791666 0.22486160693359375 0.3969890872395833 0.27749702392578124 0.404215939453125 0.27865823388671873 0.131846560546875 0.221765376953125 0.13063293619791666
7 0.2767229663085938 0.12856812174479168 0.27749702392578124 0.4052483463541667 0.332454861328125 0.4052483463541667 0.33284176611328126 0.13313657421875 0.2767229663085938 0.12856812174479168
6 0.4764280751953125 0.24729265885416665 0.460173115234375 0.42176653450520835 0.6800034721679687 0.44654365104166666 0.7009027778320313 0.20290013216145833 0.49248958349609373 0.20022123046874998 0.4764280751953125 0.24729265885416665
6 0.332454861328125 0.17812268489583336 0.3386470732421875 0.4093776451822917 0.40366741064453127 0.4258961640625 0.46404315478515623 0.4073128307291667 0.48339459326171874 0.20083531770833332 0.5050679565429688 0.19567328059895836 0.4895870537109375 0.119276455078125 0.3492904267578125 0.10475496028645832 0.332454861328125 0.17812268489583336
0 0.0863065478515625 0.5136087962239583 0.09017683544921876 0.616847552734375 0.1219129462890625 0.6189126985677084 0.11030208349609374 0.5175816796875 0.0863065478515625 0.5136087962239583
32 0.15906746044921874 0.45269808203125 0.1621636904296875 0.6251068118489583 0.24576116064453124 0.6362695104166667 0.24653497021484375 0.46921626953125 0.15906746044921874 0.45269808203125
42 0.11417237109375 0.5363214283854166 0.121138888671875 0.6230419973958333 0.15984151806640626 0.6302688489583333 0.15906746044921874 0.5394186510416666 0.14745659716796874 0.47747519856770837 0.12384796630859375 0.4762989420572917 0.11417237109375 0.5363214283854166
31 0.24576116064453124 0.43824437825520834 0.24653497021484375 0.6395601848958333 0.33400272802734376 0.6529811510416667 0.342517361328125 0.45565773828124995 0.24576116064453124 0.43824437825520834
31 0.34561359130859376 0.44960086002604166 0.33787301611328124 0.6478194446614584 0.40598958349609376 0.6705320768229166 0.4383060517578125 0.46597850520833334 0.34561359130859376 0.44960086002604166
28 0.41527827392578126 0.6932443782552083 0.4779761904296875 0.7035684524739584 0.4895870537109375 0.5652281744791666 0.4206964287109375 0.5507748014322916 0.41527827392578126 0.6932443782552083
29 0.4880389384765625 0.5672529759114583 0.4795243056640625 0.7014632936197917 0.5468668154296875 0.7138521822916667 0.55925148828125 0.5795059524739583 0.4880389384765625 0.5672529759114583
30 0.5584774306640625 0.5806739420572916 0.5484149306640625 0.7138521822916667 0.6204015375976563 0.7334675924479166 0.6327862104492188 0.5911167330729167 0.5584774306640625 0.5806739420572916
23 0.18770734130859376 0.7333872356770833 0.19931795654296874 0.6858974869791666 0.105657986328125 0.66421726171875 0.105657986328125 0.8355935846354167 0.19544766845703124 0.8684847884114584 0.18770734130859376 0.7333872356770833
35 0.18925545654296874 0.7313224205729166 0.19622172607421876 0.8675978834635417 0.3028472221679688 0.887835978515625 0.302266865234375 0.7499054231770833 0.18925545654296874 0.7313224205729166
36 0.3045887895507812 0.7550674602864583 0.300718501953125 0.892375 0.4222445434570313 0.923346560546875 0.4292110615234375 0.7798445768229166 0.3045887895507812 0.7550674602864583
34 0.426888888671875 0.780876984375 0.42379265869140625 0.9295410052083333 0.6428489584960938 0.9914844576822918 0.6695538193359375 0.8478432539062499 0.426888888671875 0.780876984375
39 0.20918373681640626 1 0.20628447412109374 0.9511808860677083 0.11223735107421876 0.9175079361979166 0.11962735791015625 1 0.20918373681640626 1
40 0.311082953125 1 0.309233134765625 0.972861111328125 0.20628447412109374 0.953245701171875 0.2101023505859375 1 0.311082953125 1
37 0.41641293896484377 1 0.41701984130859376 0.9768518515625 0.309233134765625 0.938792328125 0.31117222802734373 1 0.41641293896484377 1